epochen	l_rate	time	RMSE_mean	RMSE_min	RMSE_max	MAE_mean	MAE_min	MAE_max	ABS_mean	ABS_min	ABS_max	REL_mean	REL_min	REL_max	R2_mean	R2_min	R2_max	RAE_mean	RAE_min	RAE_max	MAPE_mean	MAPE_min	MAPE_max	sMAPE_mean	sMAPE_min	sMAPE_max	EV_mean	EV_min	EV_max	U2_mean	U2_min	U2_max
1	0,016	11,371	13,92001228	9,85305119	33,9395761	10,96589729	7,080043906	28,748182	6,003618016	-1,288852274	27,6287887	0,209818567	-0,045043695	0,965589887	0,220679986	-3,107954585	0,6537783	77,95130541	50,32863708	204,3570404	38,32437115	24,74382381	100,4711213	36,53544142	26,63396419	67,33059877	0,663593971	0,215329165	4,356558108	0,450802681	0,319093245	1,09914069
2	0,016	20,442	13,32620019	8,838818465	21,45477474	10,67289393	6,38029594	18,32080481	5,741322711	-9,760756997	17,1853798	0,20065169	-0,341125641	0,600606459	0,329855332	-0,64157498	0,721387091	75,86848505	45,35446433	130,2338162	37,30036289	22,29829655	64,02880722	37,56480601	24,69476486	66,35318629	0,561827481	0,15749937	1,74127437	0,431571945	0,286247094	0,694817632
3	0,016	29,15	14,75826893	9,140012706	36,38087566	11,96714167	6,67231977	31,83956777	7,446459366	-4,726144593	31,34852975	0,260243977	-0,165172548	1,095589953	0,063083028	-3,720185889	0,702075372	85,06867158	47,43032171	226,3322195	41,82358879	23,31888149	111,2751087	38,92658473	26,40164911	72,42363222	0,880666949	0,118888706	5,29294898	0,477949808	0,296001336	1,178202717
4	0,016	38,184	11,93669651	8,673545118	19,24875832	9,401928704	6,515739794	16,25481992	4,719865738	-6,10224239	14,32098303	0,16495311	-0,213265359	0,500499553	0,466397198	-0,321351146	0,731709009	66,83380271	46,31726974	115,5477203	32,85850631	22,77165504	56,80846131	34,02053978	27,00220124	53,28825256	0,430662233	0,108013257	1,343890594	0,38657256	0,28089468	0,623375302
5	0,016	59,334	14,04593452	8,908910695	26,22185703	11,33895006	6,696247252	23,01677188	7,150615336	-3,857935652	22,42261708	0,249904617	-0,134829785	0,783641025	0,198169512	-1,452108577	0,716950744	80,60315869	47,6004107	163,6151942	39,62814161	23,4025049	80,44059553	37,59791334	26,65514609	60,34552602	0,7382467	0,123562732	2,74755975	0,454880701	0,288517046	0,849200648
6	0,016	57,895	12,37853259	8,490294364	23,49566956	9,926413074	6,121654488	20,08982301	6,124177799	-1,746845308	19,22966262	0,214031973	-0,06104995	0,672051459	0,406117907	-0,968740419	0,742925913	70,5621106	43,51590628	142,8089183	34,69151032	21,39437864	70,21129355	34,29851673	23,94453426	54,89196149	0,52492549	0,129771066	2,110900709	0,40088152	0,274960064	0,760912463
7	0,016	65,765	13,27836267	8,843214097	27,85411309	10,73234954	6,458858817	24,35842854	6,839378197	-5,115536901	23,59095563	0,239027288	-0,178781298	0,824472923	0,299671219	-1,766887334	0,721109908	76,29112649	45,91293016	173,152388	37,50815245	22,57286349	85,12950937	37,04155044	24,95153885	62,41726729	0,638191652	0,131783934	3,07600369	0,430022716	0,286389447	0,902061622
8	0,016	75,322	12,4622046	8,804362563	17,83658654	9,964433676	6,60922994	14,81056319	4,489293445	-11,50020903	13,2927522	0,156894911	-0,401917205	0,464564235	0,418102142	-0,134583064	0,723555061	70,83238082	46,98184636	105,2811917	34,82438733	23,09839082	51,76097367	37,23851453	25,98603016	76,76686784	0,453822175	0,117282042	1,132488078	0,403591256	0,285131232	0,577641806
9	0,016	84,814	14,16344073	8,754220987	28,20399253	11,61782596	6,570549235	25,29937911	7,781599568	-2,631895731	24,92118475	0,271956687	-0,0919813	0,870962685	0,164908565	-1,836834424	0,726694849	82,58555374	46,70688378	179,8411544	40,60277627	22,96320684	88,41800807	38,40134601	25,66084485	64,39582298	0,807089429	0,107743212	3,293461487	0,458686165	0,283507386	0,913392545
10	0,016	93,929	14,42523458	8,957466049	26,32450034	11,80108078	6,836561026	22,15323335	8,189614886	-4,372613202	20,7120035	0,286216287	-0,15281709	0,723857327	0,172290092	-1,471343306	0,713856986	83,88822437	48,59783404	157,4767129	41,24322779	23,89288312	77,42264174	39,28610432	26,68861466	58,24379807	0,783440075	0,117138499	2,566637762	0,467164417	0,290089522	0,852524774
11	0,016	102,361	13,93126745	8,533555159	22,97367231	11,39008514	6,416692771	19,31911397	8,822196277	-0,616526417	17,72264338	0,308324176	-0,021546789	0,619383116	0,264960459	-0,882234158	0,740299488	80,96665347	45,61319195	137,3303172	39,80685201	22,4254987	67,51776664	37,55394469	28,22013172	53,56131229	0,701867114	0,129566347	1,936854382	0,451167182	0,276361074	0,744007467
12	0,016	111,542	11,45160074	8,737582845	17,14333635	9,10224926	6,456562282	14,43871416	4,905292709	-3,061284501	12,72363208	0,171433539	-0,106987874	0,444674235	0,515197893	-0,048101876	0,727732741	64,70352525	45,89660519	102,6378952	31,811166	22,5648374	50,46141011	33,30789336	24,88276837	44,67071072	0,39992752	0,115654106	1,062352906	0,370862627	0,282968556	0,555190745
13	0,016	120,686	12,20082809	8,645984312	21,98622492	9,787732609	6,467705905	18,73885654	6,079943147	-3,290609373	17,45178864	0,21248603	-0,115002477	0,609917098	0,427844629	-0,723908215	0,733411327	69,57629767	45,97581986	133,2055454	34,2068403	22,6037829	65,48984313	34,57479345	25,64321388	52,85710655	0,504594005	0,140532831	1,818139188	0,39512652	0,280002117	0,712028764
14	0,016	129,782	13,76752623	8,535771686	27,46689852	11,19642974	6,407184629	23,89872978	8,310146465	-0,886136868	23,12753618	0,290428707	-0,03096932	0,808277022	0,243574162	-1,69049415	0,74016456	79,59005007	45,54560313	169,88461	39,1300518	22,39226899	83,52292258	36,91305403	26,26051311	61,58575811	0,722946671	0,139614706	2,969200638	0,445864387	0,276432857	0,889521593
15	0,016	139,769	12,36598126	9,007934739	22,31761529	9,933071167	6,84055478	19,03365973	6,810316027	-1,679086622	18,01762679	0,238011603	-0,058681873	0,629692398	0,417126364	-0,776267543	0,710623494	70,60943979	48,62622373	135,3011599	34,71477948	23,90684076	66,52014155	34,31118577	26,97949295	53,27613223	0,528079486	0,131982513	1,888548429	0,400475042	0,291723962	0,722760915
16	0,016	147,297	11,70910691	8,792845026	19,88213667	9,349704258	6,584854344	16,88100022	5,243710053	-6,372780576	15,49470278	0,183260781	-0,222720313	0,541519517	0,480785552	-0,409739653	0,724277858	66,46256417	46,80857194	119,9989357	32,67598873	23,01320131	58,99687921	33,93846685	25,37621445	49,5252624	0,441458639	0,114893193	1,469810394	0,379202021	0,284758234	0,6438874
17	0,016	157,204	12,77676683	8,950528631	23,34725638	10,29582847	6,781144788	19,9324231	6,563368581	-6,367572949	18,56297686	0,229381114	-0,222538314	0,648751667	0,378238494	-0,943947407	0,714300041	73,18810752	48,20390658	141,6900378	35,98256863	23,69921064	69,66120153	36,23383564	27,25629842	55,0348018	0,552188315	0,139916092	2,054860194	0,413778424	0,289864852	0,756106069
18	0,016	165,015	12,75465462	8,073519115	24,35162777	10,30498497	5,862790778	21,12507987	6,395972194	-3,394101933	20,3890485	0,22353083	-0,118619406	0,712570473	0,370911833	-1,114797554	0,767545177	73,25319667	41,6757683	150,1680628	36,01456938	20,48968396	73,82938032	36,45414805	23,88721447	56,73654513	0,564598182	0,127922799	2,321494561	0,413062315	0,261462705	0,788632859
19	0,016	175,544	11,90645342	8,549268313	21,67978887	9,557359385	6,41131446	18,51505453	5,831817572	-2,219776485	17,24322356	0,203814367	-0,077578274	0,602628022	0,45801008	-0,67618868	0,739342215	67,93868489	45,57496012	131,6146443	33,40171613	22,4067022	64,70768448	33,90479871	27,90744644	52,42327697	0,477758609	0,123039596	1,772638971	0,385593131	0,276869948	0,702104765
20	0,016	183,992	13,12630403	8,553456039	22,34897003	10,65587604	6,45151986	19,46352399	7,892702422	-1,793136578	18,71428802	0,275839586	-0,062667769	0,654039794	0,338948049	-0,78126212	0,739086794	75,74751306	45,86076103	138,3568588	37,24088761	22,5472148	68,02246069	35,85701927	27,6998239	54,52942376	0,622474591	0,131135304	1,962512966	0,425098264	0,277005568	0,723776345
21	0,016	193,112	13,12729375	8,397291697	21,24856899	10,67518321	6,28825193	18,36385668	8,058454707	-0,841795852	17,33402101	0,281632411	-0,02941966	0,605801274	0,351760756	-0,610171668	0,748527045	75,88475847	44,70016761	130,5398513	37,30836364	21,97661482	64,17926786	36,04792874	26,29796	52,52473058	0,61010442	0,138917528	1,740923199	0,425130316	0,271948152	0,688139613
22	0,016	201,229	12,11899193	8,748047651	21,26684021	9,73068525	6,596313881	18,26518577	6,02532837	-1,363400342	17,10366218	0,210577315	-0,047649052	0,597750535	0,436981206	-0,612941968	0,727080174	69,17077535	46,89003229	129,8384471	34,00746727	23,05325089	63,83442599	34,4330696	26,60990981	52,27386951	0,497757563	0,133024787	1,723001597	0,392476238	0,283307461	0,688731331
23	0,016	210,006	13,03857184	8,894635107	20,37558025	10,56483579	6,745283618	17,2767442	8,018774344	0,867129295	16,4656341	0,280245634	0,03030503	0,575452292	0,360163493	-0,480583062	0,717857131	75,10035151	47,94898672	122,8120899	36,92271386	23,57388056	60,37995246	35,51871194	27,37615998	49,60891233	0,598715215	0,167319556	1,566539056	0,422257037	0,288054728	0,65986768
24	0,016	220,192	12,60905495	8,782948555	22,28046889	10,19029711	6,69821266	19,01075878	6,534449396	-3,979158727	17,69232638	0,228370426	-0,139066373	0,618323576	0,389168969	-0,770359471	0,724898167	72,43793567	47,61438185	135,138368	35,61375037	23,40937374	66,44010573	35,59578794	26,75684134	53,33607211	0,550286681	0,136124163	1,869346043	0,408347038	0,284437734	0,72155792
25	0,016	229,229	12,68119995	9,252628011	19,34442661	10,29865285	7,147469966	16,60177944	7,215103849	-2,354569624	15,65297017	0,252158406	-0,082289117	0,547050754	0,397476086	-0,334518285	0,694688607	73,20818468	50,80793661	118,0140891	35,99243946	24,97946904	58,02103928	35,90965599	28,39838488	49,11135394	0,554988058	0,142381522	1,428479671	0,410683469	0,299648408	0,62647354
26	0,016	236,234	12,30058749	8,749664792	19,10827543	9,935470751	6,644953389	16,50506692	6,738258919	-2,062219875	15,73138388	0,235493302	-0,072071877	0,549791211	0,430854126	-0,302134338	0,726979262	70,62649728	47,23578723	117,3266062	34,72316571	23,22323959	57,68304172	34,59735338	27,63741148	48,96951225	0,516974424	0,134562045	1,41294161	0,398357251	0,283359832	0,618825732
27	0,016	246,622	11,8540245	9,179777317	17,28197407	9,487513795	7,036438029	14,51450557	6,394885462	-2,86554717	12,98135768	0,22349285	-0,100147111	0,453681406	0,480564801	-0,065122367	0,699477427	67,44218609	50,01866381	103,17666	33,15761496	24,591427	50,72629115	33,35786207	27,15234873	44,67246544	0,45795849	0,114138779	1,082355993	0,383895209	0,297289122	0,559680558
28	0,016	255,138	12,3861135	8,483165277	21,3523414	9,982986996	6,284561833	18,26390736	7,039387425	1,100542263	17,17038032	0,246017347	0,038462507	0,600082247	0,416868842	-0,62593738	0,743357449	70,96426748	44,67393648	129,8293595	34,88922875	21,96371842	63,8299581	34,47552334	25,3797804	52,0236308	0,532589939	0,153028966	1,73031862	0,401127029	0,274729187	0,691500306
29	0,016	263,997	11,46900464	8,622567859	15,44234964	9,149627356	6,573369009	12,84037455	5,523602329	-2,852346544	11,15653136	0,193042649	-0,099685766	0,389906122	0,515559264	0,149568048	0,734853409	65,04031342	46,7269282	91,2760654	31,97674623	22,97306158	44,87542305	33,18722936	26,60899165	40,75095558	0,413071339	0,11831491	0,842569346	0,371426256	0,27924377	0,500103914
30	0,016	273,843	12,23626556	8,802222435	29,47500529	9,868635744	6,709667795	25,85432883	6,832090433	-0,68981971	25,38235895	0,23877259	-0,024108293	0,887080117	0,393463551	-2,098279473	0,723689439	70,15139926	47,69581091	183,7860259	34,48958613	23,44940794	90,35748447	33,96086071	26,45055161	64,57644364	0,568371298	0,152358366	3,480584468	0,396274171	0,285061923	0,954554575
31	0,016	282,688	11,34264705	8,573327878	15,86657986	9,02993304	6,469710173	13,3019336	6,010982131	1,01417528	11,89349898	0,210075933	0,035444094	0,415662173	0,52974266	0,102200312	0,737873051	64,18946392	45,99006724	94,55706741	31,55843031	22,61078755	46,48851135	32,14081285	26,80797373	42,14479946	0,407529392	0,156924096	0,910054961	0,367334137	0,277649122	0,513842703
32	0,016	291,359	12,92292687	8,83665102	19,51493905	10,48280841	6,725831987	16,39399218	7,940016789	0,820903701	15,01134581	0,277493161	0,028689506	0,524626825	0,37586996	-0,358148332	0,721523717	74,51725823	47,81071441	116,5370291	36,63603895	23,50589967	57,29485009	35,41115736	27,17363624	48,14403528	0,582150038	0,164110215	1,394558709	0,418511849	0,286176901	0,631995624
33	0,016	300,782	11,14398727	8,863739327	16,28282091	8,840805987	6,613105371	13,77985521	5,651835842	0,923358498	12,44080759	0,197524242	0,032270167	0,43478989	0,539199559	0,054476997	0,71981379	62,84505039	47,00939494	97,95438293	30,89745609	23,11193494	48,15878461	31,74223714	25,83477251	43,32807543	0,397545145	0,19098904	0,974515599	0,360900496	0,287054161	0,527322762
34	0,016	310,282	11,50870175	8,560417692	17,61917756	9,157818463	6,312777771	14,82612039	6,168117179	0,252378333	13,72308158	0,215567596	0,008820291	0,479603682	0,508377523	-0,107092913	0,738661907	65,09854007	44,87451005	105,3917804	32,00537307	22,06232942	51,81534403	32,29845934	24,83994854	44,99088532	0,432578842	0,156408503	1,14464182	0,372711856	0,277231023	0,570600968
35	0,016	319,083	11,05785522	8,587194717	17,98468964	8,730323321	6,450988266	15,16592161	5,379548524	-0,252922514	14,32208394	0,188008157	-0,00883931	0,500538028	0,546484929	-0,153502929	0,737024416	62,05968209	45,85698219	107,8072643	30,51133368	22,54535695	53,00290469	31,45729579	26,72305605	45,69200314	0,384371917	0,13690523	1,206566172	0,358111091	0,278098203	0,582438158
36	0,016	326,3	12,29372591	8,666834202	17,21034194	9,93913466	6,567304369	14,72065261	7,359732458	0,136640239	13,70536951	0,257212986	0,004775397	0,478984669	0,443321679	-0,056311005	0,732124014	70,65254225	46,68381758	104,6420605	34,73597059	22,95186646	51,446748	34,20321531	26,7635634	45,36535036	0,51206371	0,146610686	1,119271141	0,398135037	0,280677345	0,557360736
37	0,016	337,184	10,80660697	8,744396285	13,6772871	8,52947023	6,630926984	11,35725854	5,6657579	0,231289707	9,842505127	0,198010799	0,008083272	0,343982631	0,579133522	0,332866525	0,727307955	60,63191379	47,13608025	80,73330491	29,8093785	23,17421914	39,69212735	30,8651742	27,05578007	37,60068394	0,357273248	0,15084005	0,659085838	0,34997436	0,283189211	0,442941972
38	0,016	345,69	10,72903475	8,342093111	16,69432016	8,467333572	6,256403715	13,92322588	4,513801735	-1,526770094	12,36676777	0,157751444	-0,05335861	0,432202295	0,568672558	0,006082626	0,751822233	60,19021408	44,47377392	98,9735363	29,59221904	21,86530949	48,65984629	31,38242772	26,30796291	43,15323177	0,355443105	0,130430977	0,997779842	0,347462167	0,270160533	0,540649256
39	0,016	356,495	11,92963512	8,27631379	17,12772172	9,556456971	6,158427568	14,50832175	6,985181924	0,291816221	13,03894305	0,244122936	0,010198594	0,455693939	0,470302628	-0,046193465	0,75572068	67,93227006	43,77730847	103,1327023	33,39856231	21,52289572	50,70467953	33,12588661	25,44734454	44,91428253	0,48192334	0,134372348	1,077498632	0,386343876	0,268030255	0,554685062
40	0,016	365,121	11,54674977	9,016693463	17,50793461	9,215748363	6,850853604	14,54057703	6,262713604	1,441824696	12,17939044	0,218873617	0,05038988	0,425653704	0,502817529	-0,093157246	0,710060479	65,51033595	48,69943313	103,3619896	32,20783046	23,9428338	50,8174075	32,41299602	26,9199839	44,68926879	0,439673503	0,195047875	1,065223671	0,373944049	0,292007615	0,56699834
41	0,016	371,684	11,55675075	8,711823068	16,9685857	9,242110298	6,580825211	14,45072972	6,278529578	-1,250418866	13,27441458	0,219426365	-0,043700498	0,46392336	0,508883873	-0,026843122	0,729335749	65,6977303	46,77993076	102,7233081	32,29996196	22,99912002	50,50340292	32,89841083	26,87521437	44,74647321	0,434099388	0,140547717	1,075312305	0,374267933	0,28213432	0,549531407
42	0,016	381,979	11,17535536	8,543858031	15,01071125	8,883309594	6,467124758	12,48412436	5,913901134	0,068474415	10,94438639	0,206683079	0,002393091	0,382491934	0,540105354	0,196445481	0,739672017	63,14718815	45,97168877	88,74365363	31,04600062	22,60175187	43,63037541	31,76435868	26,76913383	40,15674283	0,401454103	0,145753856	0,799317257	0,361916359	0,276694735	0,486125209
43	0,016	390,397	11,21826414	8,603102728	17,65604695	8,942443598	6,538486481	15,16471241	6,028412261	-0,163955866	14,3454089	0,210685093	-0,005730042	0,501353205	0,531125349	-0,111731103	0,736049175	63,56754343	46,47896503	107,7986687	31,2526662	22,85115172	52,99867868	31,76818321	27,30127202	46,16697955	0,41439907	0,13999425	1,193036674	0,363305969	0,278613387	0,571794991
44	0,016	401,179	10,44858968	8,297084153	11,9985545	8,193692244	6,127786486	9,680196661	4,857093321	-1,950665665	7,892868497	0,169749034	-0,068173204	0,27584539	0,606865394	0,486582506	0,754493047	58,2450291	43,55949572	68,81187618	28,63587853	21,41580917	33,83101628	30,34701524	25,2247371	36,97704962	0,319915004	0,136788394	0,474813283	0,338379891	0,268702908	0,388575845
45	0,016	411,582	10,97548421	8,06408857	16,97894733	8,687995059	5,907707075	14,27121267	4,736318696	-2,982503988	12,75905839	0,165528119	-0,104234598	0,445912337	0,55024366	-0,02809756	0,768087913	61,75879078	41,99505671	101,4472075	30,36340196	20,64666052	49,8760144	32,19308969	24,22541893	44,22843189	0,373214869	0,135137422	1,045657316	0,355443487	0,261157295	0,54986697
46	0,016	419,887	10,51746282	8,387600983	12,22595395	8,255889466	6,25047226	9,823434368	5,055379007	-0,0601792	7,691028603	0,176678858	-0,002103184	0,268791351	0,601673257	0,466937272	0,749107124	58,68715932	44,43161005	69,83008436	28,85324965	21,84457983	34,33161326	30,28415108	26,34506553	33,79944381	0,32787365	0,133272536	0,481585678	0,340610363	0,271634316	0,395940227
47	0,016	429,078	10,25539044	8,224219926	14,15296301	8,001600833	6,046053341	11,56880709	4,087614198	-1,87971269	9,633205869	0,142856749	-0,06569349	0,336667896	0,615372915	0,285655756	0,758786152	56,87954337	42,97849398	82,23710212	27,96454427	21,13016255	40,43146176	30,10795722	25,00726405	37,82426738	0,302834481	0,122645858	0,680349767	0,332123091	0,266343184	0,458346842
48	0,016	440,653	10,1264987	8,198146916	13,16989742	7,888640212	5,979781353	10,60868289	3,625249624	-3,443891826	9,06739647	0,126697714	-0,120359497	0,316893601	0,625886533	0,381446041	0,760313154	56,07656048	42,5073982	75,41203957	27,56976173	20,89855066	37,07595374	30,3443452	23,57415409	39,38924096	0,286531902	0,129690862	0,584280552	0,327948903	0,265498804	0,426510045
49	0,016	447,546	10,07848911	8,480067266	11,99020388	7,867869324	6,392131962	9,697578832	4,164176191	-0,110398532	7,870186054	0,14553249	-0,003858284	0,275052669	0,63283739	0,487296901	0,743544864	55,9289102	45,43860094	68,93543771	27,4971702	22,33966189	33,89176469	29,57686993	26,52958839	33,43826412	0,290067602	0,140934369	0,476890164	0,326394102	0,274628857	0,388305409
50	0,016	457,001	10,30616133	8,62686107	12,75401431	8,052582291	6,472279272	10,29591119	4,316554189	-3,492803769	8,378776609	0,150857901	-0,122068906	0,292827241	0,616452159	0,419895004	0,734589308	57,24194611	46,00832974	73,18869554	28,14271777	22,61976622	35,98285773	30,31108307	25,57663661	39,39830955	0,302825673	0,126434422	0,538879476	0,333767317	0,279382807	0,413041578
