h_neuron	time	RMSE_mean	RMSE_min	RMSE_max	MAE_mean	MAE_min	MAE_max	ABS_mean	ABS_min	ABS_max	REL_mean	REL_min	REL_max	R2_mean	R2_min	R2_max	RAE_mean	RAE_min	RAE_max	MAPE_mean	MAPE_min	MAPE_max	sMAPE_mean	sMAPE_min	sMAPE_max	EV_mean	EV_min	EV_max	U2_mean	U2_min	U2_max	
1	6,565	18,31569452	10,42941654	37,71305208	15,35167606	7,308107957	36,15787928	-2,202788195	-36,01759187	19,81306344	-0,076984555	-1,258767543	0,692440552	-0,472052782	-4,072197643	0,612088341	109,1277036	51,94983506	257,0290253	53,65209209	25,54087773	126,3670404	66,42517736	27,29954905	199,2485829	0,571751575	0,152549329	2,914410878	0,593157824	0,337758965	1,221345545	
2	8,54	13,55970279	9,705631833	30,25212015	10,58948533	7,132142972	25,02679691	0,577482592	-12,8936075	22,14418349	0,020182258	-0,450614652	0,773910137	0,277525203	-2,263806772	0,664060994	75,27557332	50,69898436	177,9034983	37,00886079	24,92590321	87,46536908	40,63393811	26,83580438	80,70867429	0,453976516	0,131277496	3,236572937	0,439133978	0,314319037	0,979721612	
3	9,039	12,15867577	8,4143581	22,56712648	9,486810619	6,243718021	19,12798539	1,559007045	-12,17479254	17,12530287	0,054485249	-0,425493013	0,598506849	0,433896188	-0,816206945	0,747503834	67,43718755	44,3835974	135,9716758	33,15515746	21,82097466	66,84979735	36,41946599	25,63229214	79,55194906	0,370532995	0,089489926	1,869080166	0,393761408	0,272500851	0,73084139	
4	11,77	15,97587067	8,771259569	41,37114206	12,93965897	6,239342218	34,77633162	5,963833916	-13,54304435	32,89330827	0,208428165	-0,473311617	1,149577934	-0,117952568	-5,103905845	0,725629931	91,98183077	44,35249192	247,2082655	45,22240908	21,8056818	121,5387128	43,56128992	24,37400595	79,58947142	0,967971533	0,114938773	6,361913909	0,51738211	0,284059184	1,339813599	
5	11,013	19,54801873	8,739128745	51,82616225	16,233181	6,431831956	44,72708482	4,765853719	-38,35987625	44,21885619	0,16656033	-1,340627307	1,545390963	-0,928575441	-8,578795616	0,727636391	115,3938995	45,72080917	317,9433983	56,73283611	22,47840816	156,3152886	55,97772558	25,09688121	199,2245311	1,535751624	0,098289741	10,55521618	0,633066917	0,28301862	1,678401744	
6	13,423	18,06026115	8,755749276	34,93635086	14,99946639	6,521406687	29,39156628	8,769795158	-11,14788761	27,99035969	0,306492826	-0,389604034	0,978226319	-0,388833223	-3,352791723	0,726599415	106,624014	46,35755297	208,9305508	52,42116555	22,79146008	102,7196649	48,72098559	27,08823405	78,68283884	1,309695576	0,103809399	4,455915816	0,584885558	0,28355688	1,131421461	
7	12,223	16,68053357	8,724579215	34,05887925	13,79044874	6,480727344	29,98121143	7,896104722	-10,43003586	29,54699651	0,275958492	-0,364516058	1,032628731	-0,247527	-3,136885606	0,728542537	98,02968727	46,06838303	213,1220553	48,19580761	22,64929112	104,7803973	45,64024575	25,25936569	72,22692233	1,182468489	0,105829601	4,678613395	0,540202774	0,28254743	1,103004349	
8	12,707	15,95763484	9,452737784	40,91769618	13,21896688	6,951915536	35,59380023	6,18877115	-10,64006421	34,75751542	0,216289426	-0,371856273	1,214729526	-0,159487133	-4,970836141	0,681339651	93,96729675	49,41783394	253,0192578	46,19855354	24,29603198	124,3956582	46,01963785	26,99001659	76,58815786	1,079158398	0,102913415	6,614370955	0,516791539	0,306129007	1,325128654	
9	13,606	21,22267257	8,388761988	56,19547739	17,92928645	6,185695174	49,38031656	11,12721961	-22,06689062	49,12595924	0,388881715	-0,771208852	1,716887771	-1,106045822	-10,26200034	0,749037662	127,4506999	43,97114081	351,0209914	62,66050195	21,61819243	172,5777225	55,57307008	26,20797875	123,3802677	2,035814965	0,10881102	12,76107175	0,687300952	0,271671915	1,819902983	
10	13,907	24,37546385	9,722534391	46,81110486	20,70265649	7,274730382	40,06783159	14,08556146	-24,93237905	39,33752239	0,492271878	-0,871353911	1,374794756	-1,581293377	-6,814669033	0,662889886	147,1652576	51,71256988	284,8230013	72,35306609	25,42422748	140,0318104	59,91295982	27,96680989	118,177019	2,487556067	0,191824588	8,466852515	0,789404796	0,31486643	1,515988	
11	14,709	17,20025626	8,675729321	48,11514256	14,34258091	6,436838008	41,97066535	5,934111257	-28,47117806	41,60206601	0,207389397	-0,995030289	1,453937582	-0,435787531	-7,256126906	0,731573868	101,9545301	45,75639478	298,3493341	50,12543706	22,49590365	146,6819645	49,15840837	24,94396043	136,6341295	1,228826455	0,112120278	9,244320216	0,557034109	0,280965416	1,558219549	
12	15,462	24,87141669	8,973794772	51,28659529	21,24352536	6,723712282	43,73450249	10,62008852	-32,31995705	43,14091336	0,371158149	-1,129540061	1,507718276	-1,752293667	-8,38038242	0,712812805	151,010035	47,79564644	310,8876065	74,24333177	23,49849158	152,8463437	66,32055742	28,38868802	141,2580004	2,511980538	0,116939929	10,1576456	0,805466339	0,290618331	1,660927749	
13	16,238	27,8114123	8,602772315	71,00503328	23,91969376	6,343318724	61,08474551	13,32426039	-23,1977221	60,7681346	0,465665405	-0,810729928	2,123766513	-2,973068756	-16,98005752	0,736069449	170,0336329	45,09161104	434,2221643	83,59618894	22,16906604	213,4831649	69,99341209	27,86326448	128,0935611	4,015503851	0,111917993	19,78282175	0,900678748	0,278602687	2,299513731	
14	16,999	26,3795464	8,853406343	86,75332405	22,33305089	6,566812864	75,1236224	14,2676578	-31,89016986	74,90581677	0,498635906	-1,114519564	2,617859942	-2,922827448	-25,84015717	0,720466668	158,7549496	46,68032371	534,0178081	78,05108044	22,95014871	262,5471963	59,47932271	25,66250493	135,3991679	3,927546243	0,12964974	29,83115503	0,854307453	0,286719525	2,809525615	
15	17,514	27,52872735	9,107504654	70,0264012	23,52442669	6,78930127	60,42978691	17,5582131	-39,17237301	60,10133153	0,613636493	-1,369023002	2,100462622	-2,734527903	-16,48785008	0,704190846	167,2238688	48,2618871	429,5663777	82,21478243	23,72771648	211,1941706	60,35471382	25,8036249	143,763544	3,663386997	0,14484636	19,32138785	0,891523933	0,294948556	2,267820514	
16	18,221	25,92480111	9,430530115	60,59749188	22,10224244	7,123621261	52,61835606	8,277390757	-44,59294878	52,31497481	0,289283938	-1,558465007	1,828339678	-2,29887999	-12,09550059	0,682835173	157,114243	50,6384076	374,0386615	77,24443521	24,89612095	183,8942454	67,91791698	29,08370724	147,4765718	2,72777529	0,121811364	14,5908819	0,839580426	0,305409807	1,962463197	
17	18,926	30,0745404	9,015709377	90,97935421	25,39573772	6,792796245	78,73472239	12,74217658	-35,60620455	78,46132583	0,445322341	-1,244390096	2,742120315	-4,154951883	-28,5187869	0,710123764	180,5261216	48,2867312	559,6873863	88,75476878	23,73993096	275,1675166	68,69204979	28,8087015	131,3925427	4,841703633	0,110444237	32,77171924	0,973970652	0,291975745	2,946386538	
18	19,678	21,33507576	8,852322097	44,39076989	18,07652288	6,499576213	38,92291175	9,169533309	-23,03973567	38,59669865	0,320463149	-0,805208509	1,348903939	-1,030990201	-6,027456414	0,720535131	128,497333	46,2023706	276,6843152	63,17507395	22,71516544	136,0304658	58,79886043	25,10358209	127,9967978	1,841129197	0,108229171	7,926923149	0,690941154	0,286684412	1,437604916	
19	20,332	24,53543578	9,574377608	67,92959588	20,95038747	7,345890753	59,0299221	10,74230585	-24,34902888	58,7982958	0,375429484	-0,850966588	2,054923234	-2,051295623	-15,45624968	0,673085706	148,9262583	52,21841484	419,61541	73,21885332	25,67292364	206,3018269	65,12074117	27,52454825	130,4682745	2,978887005	0,136232319	18,3704204	0,794585522	0,31006834	2,199915009	
20	21,392	36,20735965	9,786577381	76,84387545	31,27304641	7,537463004	67,30008642	21,85734924	-31,94121019	67,13558694	0,763885656	-1,116303356	2,346300612	-5,163491737	-20,05868872	0,658434125	222,3050908	53,58021011	478,4040424	109,2951909	26,3424435	235,2049653	75,90333943	32,95235077	130,3131565	6,31705116	0,110857346	23,78122149	1,172583362	0,316940476	2,488605928	
21	35,232	30,1636263	8,88541152	70,13574165	26,0895112	6,673627609	62,50081449	21,03250712	-26,11238741	62,39380433	0,735058507	-0,912593653	2,180581536	-3,472299642	-16,54250439	0,718441982	185,4578246	47,43961851	444,2883196	91,17941597	23,32345222	218,43214	64,11594641	29,04969907	131,1849476	4,794418241	0,125377864	20,3051101	0,976855719	0,28775602	2,271361529	
22	34,263	35,8016462	8,789051834	76,22135757	30,83595479	6,435680975	66,67750548	17,39914466	-45,81110004	66,51492281	0,60807726	-1,601037795	2,324609215	-4,669223353	-19,71887477	0,724515697	219,1980161	45,74816999	473,978413	107,7676131	22,49185998	233,0291266	78,17759498	24,89182817	143,2648835	5,099626343	0,172201114	23,35977039	1,159444242	0,28463539	2,468445548	
23	34,436	35,31560621	8,610116396	91,02412488	30,44085171	6,260846299	80,50038161	18,60968113	-61,74764339	80,37505018	0,65038392	-2,157999059	2,809002468	-5,273483507	-28,54784626	0,735618628	216,3894177	44,50535412	572,2386111	106,3867797	21,88083574	281,3382637	72,68723585	24,25644076	150,3091597	5,676605442	0,182281247	33,83979183	1,14370373	0,278840527	2,947836446	
24	35,307	31,58732679	8,470391626	83,30327525	27,02966739	6,141895202	70,44103304	7,608183161	-69,68764863	54,00700643	0,265896012	-2,435491817	1,887473961	-4,137203771	-23,74782066	0,744129754	192,1409441	43,65978781	500,7315258	94,46513843	21,46511728	246,1821613	73,34795945	24,18272491	156,1942207	3,601096378	0,132175338	15,23541432	1,022962575	0,274315509	2,697795021	
25	35,81	29,69829923	9,227230732	84,55942023	25,47013058	6,927882767	71,35729764	7,94609021	-70,42432799	44,162327	0,277705419	-2,461237793	1,543415342	-3,185544002	-24,49980149	0,696362388	181,0549448	49,24699651	507,2448114	89,01476206	24,21204061	249,3843857	73,07221012	26,22500541	156,7838995	2,72071481	0,130036821	10,39832692	0,961785999	0,298825911	2,738475555	
26	36,521	36,59962705	8,302645401	105,6644807	31,47667543	5,935004024	93,65410578	6,304930011	-57,28804949	93,55385089	0,220349025	-2,002142108	3,269584249	-6,091129771	-38,81721245	0,754163827	223,7525918	42,18909764	665,7421286	110,0068476	20,74205977	327,3088025	84,20107419	24,49206469	153,9286661	5,255800605	0,121341427	45,75233485	1,185287029	0,26888301	3,421967614	
27	37,169	17,58367792	8,339882178	48,83171553	14,79791735	6,018319945	43,3453519	4,800794395	-22,5327474	43,16694748	0,16778146	-0,787489935	1,508628134	-0,456720168	-7,503873089	0,751953767	105,1912985	42,78135057	308,1213216	51,71677811	21,03323798	151,4863135	54,03166037	24,48886323	127,5311966	1,224832901	0,113435489	9,777808969	0,569451304	0,270088932	1,581425924	
28	37,34	49,58969818	15,1680736	106,9277753	42,97250619	12,94062854	93,47766018	25,95496035	-80,83477858	93,27212733	0,907091784	-2,825069372	3,25973838	-10,50885897	-39,77499048	0,179509304	305,4709402	91,98872295	664,4878615	150,1832667	45,22579758	326,6921483	88,468672	41,65699295	158,7564041	10,3085474	0,295986309	45,9353844	1,60597336	0,491221423	3,462879687	
29	38,045	42,40079841	9,052244973	129,2694097	36,6358837	6,743616297	114,4400913	20,98024945	-58,1772675	114,3189199	0,73323217	-2,03321911	3,995296145	-8,487980329	-58,59424716	0,707769593	260,4269294	47,93713453	813,499732	128,0376031	23,56805349	399,9530925	81,60407996	25,64538323	147,0977331	9,138435095	0,142650516	68,36374719	1,373159249	0,293158959	4,186418468	
30	39,266	38,98215974	10,01844412	89,81840335	33,44688756	7,468515273	79,19260276	6,255400806	-71,40697667	79,06977293	0,218618045	-2,495580074	2,763384742	-6,916115313	-27,77023885	0,642057418	237,7578851	53,09009375	562,9422383	116,8924803	26,10148023	276,7677483	87,92826589	27,91733088	155,1193648	5,672918239	0,133758321	32,80912871	1,262445878	0,324449532	2,908788888	
31	44,34	34,5031253	8,330197679	82,6521044	29,52480905	6,073636886	72,93096042	7,605643084	-48,17080347	72,81233086	0,265807239	-1,683506331	2,544695358	-4,83379062	-23,36243186	0,752529508	209,8777097	43,17457217	518,4312256	103,1853309	21,22656342	254,8841305	86,3133479	24,8871223	147,6458211	4,85442457	0,131477479	27,81189911	1,117391356	0,269775297	2,676706709	
32	44,68	35,29044324	10,07317634	73,1054198	30,24445451	7,647309056	61,15762814	3,04036704	-59,93213898	59,67037955	0,106256836	-2,094549564	2,085401415	-4,799240084	-18,05951991	0,63813575	214,9933242	54,36105302	434,7402519	105,7003973	26,72634103	213,7378801	88,79548087	28,07644953	148,3958097	3,619816803	0,201594842	18,83292003	1,142888821	0,326222047	2,367535213	
33	45,82	35,50178279	8,405293425	103,9803883	30,29838501	6,077935815	91,16898819	12,01238081	-41,30262676	91,0070823	0,419816936	-1,443472573	3,18057803	-5,890526806	-37,55810451	0,748047562	215,3766903	43,2051312	648,0766194	105,8888773	21,24158762	318,6236429	80,47511003	24,14060126	139,8698085	6,206537011	0,155472139	43,6250286	1,1497331	0,272207289	3,367427908	
34	46,386	39,51441413	8,681186287	117,1584318	33,8084743	6,370359428	103,5284943	1,353101126	-58,67800556	103,4247544	0,047289108	-2,050719248	3,614559366	-7,391466799	-47,95081263	0,731236086	240,3282318	45,28383044	735,9344219	118,1561785	22,26356975	361,818494	94,14098871	24,62597389	146,2865367	6,101434028	0,178130749	56,01144205	1,279683054	0,281142141	3,794201765	
35	46,864	53,07973273	8,480096621	127,8658909	45,82585528	6,162216481	112,2253428	20,19589093	-76,09446668	112,035214	0,70581987	-2,659401695	3,915483622	-14,1036244	-57,30720508	0,743543089	325,7540306	43,80424204	797,7561473	160,1553471	21,53613748	392,2128374	97,64674025	24,57583942	158,2604906	14,17671925	0,115991155	66,06528978	1,718998902	0,274629807	4,140965201	
36	47,362	34,10826322	8,445206778	115,9017543	29,05844198	6,08515518	97,75943162	7,089498389	-96,87536811	68,76271914	0,24776866	-3,385666914	2,403166746	-6,64938151	-46,90632157	0,74564904	206,5625298	43,2564502	694,9249215	101,5554392	21,26681835	341,6563773	66,86752451	24,07446436	163,0192269	4,412864666	0,116529436	25,03989345	1,10460366	0,273499892	3,753503986	
37	48,488	60,33227132	9,461189383	105,8663079	52,31853596	7,164464004	92,56593263	26,49788903	-61,42021328	92,4196296	0,926066429	-2,146555807	3,229944704	-15,59530402	-38,96946554	0,680769574	371,9073842	50,92873908	658,0068275	182,8464136	25,03886097	323,5057802	98,59476761	26,78658247	150,9928248	15,18822205	0,193939075	45,05184023	1,953873971	0,306402714	3,428503832	
38	50,422	41,13061616	8,427965357	98,7440042	35,19445987	6,124877682	85,5651702	-0,130140245	-59,36140468	85,34553707	-0,004548231	-2,074603149	2,982714459	-7,613973391	-33,77236863	0,746686527	250,1805387	43,53881842	608,2417645	123,0000161	21,40564328	299,0390348	90,45931661	25,62589241	153,3004529	5,066177876	0,118526642	38,68971584	1,332024115	0,272941525	3,197846448	
39	49,96	31,32316187	8,756623137	97,61043627	26,63435811	6,452907017	85,68660032	3,406121885	-58,27044403	85,53950373	0,119039488	-2,036475507	2,989493339	-4,650056266	-32,97858693	0,726544839	189,33088	45,87062167	609,1049529	93,08358439	22,55206273	299,4634171	77,36447046	25,5869511	149,8324071	4,058459531	0,132925464	38,5091665	1,014407535	0,28358518	3,1611356	
40	49,32	34,45359981	8,992329951	99,65819605	29,48079755	6,656727044	88,76322744	12,45416747	-53,88036469	88,68208258	0,4352568	-1,883047999	3,099322343	-5,250675144	-34,41920828	0,711625222	209,5648531	47,3194805	630,9752198	103,0315165	23,26438696	310,2158249	78,80792791	25,2985327	144,2012418	5,637919527	0,144917673	40,98235129	1,115787461	0,291218597	3,227452754	
41	53,336	51,45282664	10,20590318	139,2442089	44,47240171	7,837047588	122,7316875	18,94422994	-72,98969523	122,538638	0,662075962	-2,55089401	4,282564501	-12,47851406	-68,14600455	0,628536887	316,1329782	55,70981326	872,4407134	155,4252046	27,38945228	428,9311325	92,31742093	28,72835656	156,170284	11,61157566	0,182447945	78,81672344	1,666311188	0,330520435	4,509454548	
