index	real	predict
25	25,41	25,89696986
26	20,55	25,73046319
27	22,1	26,42746304
28	24,5	28,22934923
29	34,51	33,46853246
30	37,71	36,14196201
31	40,46	36,12855197
32	34,46	34,3463173
33	32,71	32,96640058
34	31,79	31,75373542
35	26,02	28,78714653
36	26,04	27,164619
37	24,43	26,16409609
38	22,08	26,25573059
39	22,01	27,10185276
40	24,85	30,11598582
41	26,93	32,74903374
42	30,17	35,14452719
43	32,73	35,34973013
44	34,68	34,77347669
45	36,92	33,45178476
46	26,1	27,68600246
47	28,03	19,44161975
48	25,91	18,53458965
49	25,02	18,31657973
50	24,03	18,37462601
51	22,11	19,67934571
52	24,71	21,86389834
53	30,9	27,13824836
54	33,15	29,90916595
55	33,4	30,20738622
56	29,98	28,36079324
57	29,08	26,80716595
58	28,63	26,00071066
59	26,34	23,68383337
60	25,29	22,87759351
61	25,15	22,24490998
62	25,92	22,22031158
63	28,48	22,84776576
64	34,63	25,34946083
65	42,4	27,93990341
66	50,17	30,27628076
67	46,31	31,36462723
68	44,85	31,64758633
69	47,05	31,41752388
70	39,9	25,88683417
71	42,84	18,0016296
72	35,93	16,92921704
73	33	16,66408618
74	29,15	17,10825335
75	28,74	17,97837816
76	28,7	20,22143228
77	30,62	25,35682928
78	31,29	27,79700761
79	32,49	27,35761866
80	30,71	24,88540809
81	28,64	23,42798532
82	29,88	22,68469622
83	29,91	21,79666009
84	28,56	21,50874799
85	27,46	21,66269532
86	27,1	22,89365969
87	27,49	25,06190445
88	30,4	28,49961354
89	36,82	32,18172211
90	39,9	35,02765187
91	40,05	34,96819081
92	42,02	34,51034684
93	45,42	34,21232717
94	40,01	29,27711003
95	35	22,2476072
96	29,95	20,40820748
97	28,49	19,51597529
98	27,03	19,34883927
99	27,44	19,59456682
100	25,62	19,72112449
101	25,05	21,00099743
102	24,07	21,96247799
103	23,9	22,58531785
104	24,09	22,007648
105	21,06	20,96840516
106	22,98	20,31369486
107	24,08	19,10813451
108	22,92	18,00267053
109	19,42	17,49962962
110	20,08	18,40042945
111	23,91	20,19888707
112	27,07	23,35147525
113	30,03	26,69086719
114	35,74	28,75782666
115	36,58	28,86109645
116	36,6	28,60783016
117	39,99	28,55585736
118	38,49	41,04527128
119	32,24	35,55881028
120	28,94	33,92113755
121	26,86	33,30018231
122	24,79	32,96293497
123	24,98	33,03088591
124	27,43	32,65180182
125	36,52	32,78159941
126	44,81	32,97508056
127	45,84	33,4193818
128	45,97	33,82541498
129	46,69	33,83808858
130	52,38	34,4730119
131	52,87	33,94325588
132	47,67	32,93894282
133	48,19	32,46691243
134	47,06	33,4638539
135	45,98	35,43994333
136	44,97	38,23004557
137	46,73	40,88421209
138	47,02	42,55942869
139	44,62	42,96618552
140	42,14	43,03551001
141	44,98	43,36560671
142	33,77	38,57929307
143	32,43	32,72565441
144	28,47	31,8206214
145	27,91	31,47046072
146	26,4	31,8189292
147	26,93	33,18333521
148	28,03	36,22410539
149	35,04	42,88746806
150	50,1	47,57682123
151	60,15	49,20342895
152	54,95	49,36715189
153	53,84	49,46022413
154	53,59	50,25649145
155	49,99	49,88234628
156	44,98	49,28831698
157	40,79	49,28981514
158	38,52	49,23896524
159	38,51	49,10861225
160	41,94	49,91843795
161	42,92	50,57238315
162	45,9	50,55660291
163	47,32	49,10449332
164	46,1	47,53037085
165	46,89	45,71031171
166	37,03	39,50269948
167	43,06	33,31837745
168	36,13	31,87431316
169	31,07	31,48394933
170	30,01	32,02432561
171	30,01	33,35332624
172	36,62	36,06649248
173	44,92	42,04097073
174	56,25	47,12802292
175	54,01	49,54915593
176	58,62	48,92188612
177	57,82	48,74866171
178	59,29	48,92519819
179	52,32	47,55593548
180	46,99	46,39638472
181	46,07	45,43194734
182	45,23	44,86863263
183	45,54	44,41228432
184	49,94	45,42692737
185	56,36	46,41263257
186	59,15	47,35097668
187	54,97	46,7198005
188	52,34	45,64350063
189	53,98	44,09497977
190	44,73	37,90516398
191	40,01	32,42128301
192	36,44	30,76881254
193	33,36	30,04200645
194	31,86	30,39406966
195	31,29	31,41068818
196	38,06	34,20568224
197	43,09	39,9813605
198	55,92	44,2663372
199	54,38	44,66167821
200	53,88	43,87016281
201	52,5	43,39238859
202	52,06	43,46735961
203	45,98	41,70335906
204	42,91	40,67329573
205	42,01	40,25652266
206	42,07	40,36644117
207	42,05	40,87732771
208	49,38	42,72508921
209	56,14	44,9874874
210	55,63	46,53613537
211	53,45	45,85481692
212	51,21	44,86910247
213	50,48	43,46047407
214	39,93	37,31549543
215	37,22	30,85446872
216	34,25	29,42712061
217	32,91	28,61443938
218	30,01	28,83849513
219	29,94	29,62367552
220	31,11	32,47215872
221	38,76	37,81683995
222	45,28	41,85547329
223	46,04	42,30645483
224	44,97	41,22364007
225	43,91	40,30973212
226	42,05	39,65683245
227	32,94	37,9466651
228	29,76	37,01000564
229	29,92	36,47509992
230	29,95	36,76005643
231	30,55	37,41132372
232	36,6	39,8002292
233	40,86	42,13357909
234	45,45	43,44596326
235	44,71	43,11893659
236	46,91	42,04056279
237	47,09	40,44635419
238	41,97	34,40531517
239	41,85	27,36127027
240	38,18	25,77572099
241	35,04	24,92208338
242	33,31	24,82792492
243	32,08	25,68835229
244	31,23	27,8980898
245	30,71	33,00870936
246	34,43	36,13104594
247	36,93	36,35796178
248	41,93	34,99421777
249	36,92	33,72145829
250	36,57	32,43735766
251	35,05	29,68496028
252	31,26	28,16361395
253	31,72	27,59453302
254	32,52	28,08891086
255	34,33	29,01009059
256	38,1	31,38077929
257	43,37	34,15250878
258	46,93	36,01066942
259	45,92	35,79544567
260	44,92	35,52507654
261	46,94	34,87531484
262	43	30,04995923
263	40,52	21,88613485
264	35,87	20,41965535
265	31,05	19,78628554
266	28,88	19,84676231
267	27,1	20,22455664
268	25,45	20,56160412
269	25,4	21,83866988
270	27,07	23,3864513
271	29,5	24,2964456
272	33,1	24,83256041
273	34,97	24,15312744
274	34,97	23,58259832
275	30,79	21,86461656
276	27,58	20,47135802
277	25,44	20,43204412
278	22,74	21,13709324
279	21,42	22,30858897
280	22,24	24,79191226
281	26,76	27,36515406
282	31,9	28,74641169
283	32,83	28,69700116
284	33,45	28,68180783
285	36,03	28,99334693
286	31,04	41,83418009
287	25,41	37,34123751
288	23,26	35,89982468
289	24,24	34,88899636
290	23,12	34,41143255
291	22,63	34,42984308
292	25,44	34,44605403
293	37,34	34,74401376
294	45,12	35,86501051
295	47,99	37,41180654
296	47,11	38,59858391
297	45,92	39,44909506
298	48,19	40,26855845
299	48,82	39,18922272
300	48,73	37,75234211
301	47,94	36,79336884
302	48,05	36,35948022
303	49,54	36,18360648
304	50,94	37,29605358
305	49,93	39,36321432
306	56	40,89089997
307	50,03	41,38906101
308	48,19	41,87842009
309	46,54	42,55301384
310	41,95	37,64231026
311	40,17	30,77814686
312	35,08	29,28063999
313	32	28,82768708
314	28,8	29,13538455
315	28,78	30,78974235
316	32,15	34,42471089
317	41,32	41,320635
318	48,77	45,63012644
319	55,77	46,68372474
320	52,58	45,49612978
321	52,63	44,76490102
322	50,94	44,83585445
323	45,82	44,37271987
324	37,88	44,37210143
325	36,08	44,71356212
326	39,27	45,64523101
327	43,97	46,8121959
328	48,92	48,80895991
329	56,55	50,53958026
330	66,39	51,90129125
331	60,83	50,80286983
332	55,92	49,70839714
333	55,13	48,0289653
334	48,65	42,03904645
335	37,83	35,60128112
336	37,61	33,53291894
337	35,64	32,59942996
338	31,82	32,27742351
339	32,22	32,95625763
340	35	35,27788299
341	44,24	40,81989679
342	53,64	44,52462877
343	56,92	45,96965474
344	52,51	45,05218054
345	55,09	44,5334794
346	54,15	44,03104719
347	49,96	42,59704322
348	48,07	41,39394869
349	48,02	40,77523946
350	49,15	41,51993692
351	51,27	42,46507874
352	52,9	44,60286494
353	50,72	47,15644112
354	51,7	49,1711283
355	50,56	48,46749528
356	49,98	47,551748
357	49,94	46,36595945
358	41,89	40,4487811
359	36,06	33,93938323
360	35,5	32,6146906
361	33,1	31,84178367
362	30,52	31,78742715
363	32,3	32,51603881
364	35,2	34,90425295
365	39,99	40,50321206
366	49,94	44,32979147
367	50,66	44,9399254
368	54,87	43,32219998
369	51,91	42,65595533
370	52,92	41,98500551
371	54,91	40,43952572
372	54,72	40,14808491
373	51,83	40,45439975
374	51,5	41,37177642
375	51,94	42,73299014
376	51,37	44,53643136
377	51,94	45,7894109
378	53,37	46,66394082
379	55,93	45,73126565
380	52,95	44,87122515
381	53,39	43,30421527
382	45,46	37,38163517
383	41,97	30,42208236
384	36,59	29,38613302
385	34,36	28,77504005
386	32,43	28,99405116
387	33,05	30,24829729
388	34	32,90168682
389	42,96	38,15135982
390	55,25	42,12898081
391	55,17	42,97886184
392	56,91	42,41220161
393	53,45	41,39968747
394	52,62	41,26275705
395	51,92	40,43814394
396	49,95	39,84294873
397	48,78	39,28314342
398	47,92	39,35146606
399	48	39,96919177
400	49,6	41,19594647
401	51,28	42,40225794
402	49,94	43,33026531
403	45,93	42,97287248
404	43,1	42,2160491
405	42,75	40,99102461
406	34,05	35,1740486
407	22,41	28,64362572
408	19,6	27,10052461
409	16,19	26,49648326
410	16,12	26,59242184
411	16,15	27,55494984
412	15,62	29,84872071
413	15,08	35,179544
414	22,62	38,91688876
415	25,3	39,4224357
416	24,71	38,32227412
417	20,85	37,49820383
418	16,78	37,16578858
419	16,19	36,21587937
420	12,92	35,2223738
421	6,1	34,76892276
422	5,57	35,09053177
423	10,57	35,87949117
424	14,7	37,44111689
425	16,17	38,71265348
426	15,76	39,00026841
427	15,97	37,80676424
428	15,06	36,6089447
429	12,95	34,86868207
430	6,53	29,14995469
431	-0,09	17,5948652
432	-5,31	16,20980238
433	-1,84	15,27896857
434	0,01	15,11842715
435	0,03	15,43696708
436	0,03	15,86472806
437	1,15	17,27390458
438	1,66	19,56549069
439	2,12	21,28200117
440	2,18	21,50447008
441	0,04	20,31015213
442	2,52	18,7740635
443	2,07	16,55028275
444	0,06	14,35212905
445	0,1	12,67434819
446	4,37	12,03522299
447	10,65	13,17690614
448	24,08	15,08855456
449	35,92	16,74183836
450	36,29	17,50437364
451	36,96	17,35455777
452	39	17,31736747
453	39,96	16,91968462
454	32,96	30,03316754
455	25,5	20,41305724
456	20,2	19,14399504
457	16,81	19,51124538
458	15,85	20,29632279
459	15,88	21,30533469
460	23,04	22,28601552
461	35,75	23,30952136
462	42,06	24,26427533
463	43,61	24,90709812
464	44,98	24,85713805
465	42,95	24,47248968
466	41,79	25,17949262
467	40,02	25,06088542
468	35,96	24,58436979
469	31,56	25,54407245
470	29,01	27,80862381
471	26,48	31,38423112
472	29,03	36,70640153
473	31,34	41,37834813
474	34,86	43,62541604
475	33,05	44,27059759
476	30,99	44,59852719
477	30,55	43,91892894
478	25,46	38,28177455
479	19,13	32,56702496
480	16,27	30,95942967
481	15,47	30,0828514
482	10,54	30,20838029
483	12,6	31,27334268
484	16,61	34,70331674
485	23,09	40,97539385
486	30,54	45,20857941
487	31	46,93517185
488	31,34	47,06480841
489	27,07	46,97354795
490	26,42	47,00261218
491	23,88	45,31129703
492	22,87	43,83770587
493	19,98	42,44382722
494	20,08	41,79362007
495	23,29	41,55962146
496	27,51	42,85425578
497	32,96	44,43142177
498	33,82	45,6041069
499	31,88	44,71435207
500	32,18	43,7678793
501	34,42	41,79408774
502	26,42	35,42074774
503	21,05	27,30168408
504	19,02	25,97269602
505	16,36	25,51472585
506	15,5	25,29521447
507	16,13	26,38005197
508	18,68	29,09327312
509	27,05	34,05088272
510	34,79	37,39468454
511	37,93	37,82113172
512	37,09	37,00482352
513	34,88	35,95038468
514	36,92	35,20657332
515	35,44	33,56588632
516	30,96	32,40089482
517	29,33	31,61554183
518	25,64	31,79170664
519	25,13	32,95444374
520	25,42	35,69623921
521	27,07	38,50473257
522	31,38	40,42214423
523	31,5	40,2591725
524	30,97	40,04378034
525	27,33	38,72354199
526	22,07	32,84943071
527	16,12	25,25678421
528	15,38	24,3014315
529	8,35	23,71648048
530	5,84	24,1253825
531	11,14	25,38742266
532	16,67	28,12420772
533	20,77	33,54727556
534	30,74	37,27731951
535	33,16	38,15493671
536	26,9	37,04871774
537	23,48	35,98597248
538	25,08	35,59239578
539	22,34	33,9151343
540	23,46	32,43439868
541	23,41	30,90512107
542	25,14	30,39209819
543	26,41	30,12755549
544	26,88	31,54297571
545	32,19	33,59498188
546	37,91	35,63381322
547	37,27	35,47596538
548	36,94	35,23583151
549	34,41	33,33632793
550	27,91	27,77723709
551	25,21	17,79494846
552	22,07	16,63685824
553	18,86	15,64600782
554	16,18	15,99748269
555	18,94	17,78447154
556	22,99	20,95174503
557	32,32	25,72549425
558	37,92	29,17058928
559	38,88	29,35970834
560	33,99	27,20697949
561	29,23	25,97302308
562	28,29	26,19338066
563	26,06	25,42731611
564	25,58	25,46799755
565	25,25	26,11783717
566	25,69	27,31192088
567	29,37	28,45060285
568	34,96	30,68745734
569	39,66	33,53228297
570	44,82	35,86769522
571	45,44	36,11726753
572	41,2	36,14632313
573	37,81	34,56637922
574	31,84	29,15561783
575	25,5	21,05521146
576	23,19	19,84756242
577	21,3	19,27780081
578	22,03	19,64060604
579	21,91	21,35464677
580	22,04	24,4163612
581	22,13	29,87452293
582	22,22	32,84771616
583	24,45	32,91073716
584	23,49	30,52502511
585	17,07	28,68430286
586	16,18	27,49374094
587	15,35	26,16034812
588	12,76	25,34472183
589	12,78	25,15908284
590	14,22	26,12242822
591	16,02	28,12307663
592	25,01	31,27646049
593	30,03	34,42870242
594	32,86	36,58425885
595	30,27	36,60475526
596	30,27	35,99886541
597	31,07	34,325805
598	25,37	29,18119919
599	17,09	20,72123837
600	16	19,21432385
601	14,93	18,42726772
602	14,56	18,42118847
603	15,04	18,78527947
604	14,82	19,38597463
605	15,32	20,47546401
606	15,58	21,54550122
607	14,93	22,44000696
608	14,16	22,0301773
609	12,71	20,23692131
610	13,89	19,08935337
611	11,5	17,37559543
612	10,03	16,44844523
613	9,2	17,06614244
614	9,66	18,50818775
615	12,06	20,81741036
616	15,05	24,74612462
617	22,36	27,66435862
618	27,98	29,1469335
619	30,01	28,68927848
620	33,02	28,63914425
621	29,95	27,87121662
622	25,03	39,91613576
623	23,03	33,9628143
624	17,02	33,08812343
625	16,02	32,63861652
626	15	32,51212194
627	14,09	32,82898892
628	19,08	33,18540583
629	25,25	33,50219265
630	33,82	33,87525923
631	38,55	34,08198522
632	36,98	33,75162461
633	34,31	33,05837144
634	31,4	32,93906985
635	26,39	31,68178903
636	25,24	30,69599368
637	24,03	30,43390546
638	25,43	31,37440906
639	26,57	33,24387686
640	34,38	36,56404873
641	37,78	40,39012136
642	40,97	42,90723782
643	40,86	43,67818583
644	40,83	44,37055569
645	39	43,55976481
646	28,39	38,15850152
647	26,69	32,29984256
648	26	30,85976983
649	24,56	30,42008505
650	19,08	30,6306839
651	21,98	31,65464865
652	25,39	34,78422884
653	28	40,33357084
654	37,96	43,9331155
655	36,99	44,89023494
656	36,33	43,8059399
657	35,94	42,81627169
658	35,96	42,13497564
659	33,98	40,51382947
660	30,44	39,99558824
661	32,44	39,90988636
662	37,64	40,81914592
663	38,98	42,04018752
664	39,93	44,88063905
665	39,94	47,34833776
666	39,9	48,91717946
667	40,27	48,11212309
668	38,37	47,35728806
669	38,62	44,76582235
670	31,39	38,31927077
671	30,4	32,44172882
672	28,86	31,51512702
673	28,05	31,10036485
674	25,18	31,04277877
675	24,07	32,44583318
676	27,33	35,36743502
677	33,79	39,98559717
678	40,89	43,54072509
679	43,75	44,16336965
680	41,03	43,32885321
681	38,74	42,8883846
682	36,9	42,98001984
683	31,42	41,90738356
684	29,58	41,47166994
685	29,55	42,00268548
686	29,2	43,45959992
687	29,8	44,43794158
688	37,54	45,80446353
689	44,03	46,66608048
690	46,9	46,52140544
691	41,92	45,50917103
692	43,93	44,67877632
693	41,18	42,41740922
694	31,33	36,40918397
695	30,24	29,95974625
696	27,95	28,99510739
697	25,14	28,73086736
698	23,21	29,06838006
699	23,02	30,3659284
700	25,46	33,370504
701	31,32	38,32255136
702	39,94	41,70658391
703	42,72	42,53354476
704	38,42	41,18997885
705	36,91	40,07821913
706	34,58	39,43420048
707	30,49	37,69350763
708	29,02	36,76786667
709	28,74	36,65705349
710	28,78	37,07924139
711	30,93	38,08893929
712	38,93	40,87299677
713	43,03	43,62910985
714	48,92	45,09276325
715	45,18	44,06855878
716	44,93	43,73789093
717	42,87	41,20437713
718	35,95	34,72504213
719	30,35	27,68543091
720	28,73	26,27484726
721	26,56	25,48565322
722	25,36	25,5601487
723	25,28	26,60783916
724	27,4	29,3840138
725	32,28	34,34902124
726	38,68	37,86326981
727	39,82	38,49524666
728	38,93	37,24074641
729	38,82	36,36106254
730	36,95	35,68545675
731	32,56	34,24474662
732	29,32	33,6541268
733	28,87	33,58364987
734	29,14	34,23423022
735	30,99	35,60206641
736	38,96	38,6597227
737	42,3	41,16896333
738	43,97	42,77575019
739	41,41	41,74018149
740	41,57	41,10359438
741	40,98	38,90715743
742	31,98	33,15912256
743	31,22	25,95872885
744	27,38	24,8133793
745	26,23	24,39055567
746	25,21	24,66328321
747	23,05	25,69529308
748	23,04	28,38568444
749	25,24	32,98621307
750	28,31	36,30556071
751	29,91	36,72846195
752	31,56	35,71919568
753	28,02	34,97637487
754	27,2	33,99460595
755	25,24	31,95089227
756	23,49	30,5855391
757	22,14	30,16000977
758	24,11	30,74240203
759	25,28	32,22128356
760	29,57	34,86313969
761	31,95	36,91183773
762	33,96	38,00534291
763	33,91	36,83282023
764	34,92	36,36623367
765	35,26	34,52674776
766	32,65	29,18431744
767	27,02	21,53612616
768	25,28	19,98275185
769	24,04	19,28779351
770	22,95	19,30610206
771	22,2	19,55786517
772	22,01	20,42697023
773	21,87	21,91052967
774	21,43	23,42884697
775	22,64	24,2232245
776	23,94	24,30190609
777	25,11	23,2734231
778	26,12	22,20647105
779	23,72	20,22282655
780	23,84	18,97215347
781	23,08	18,87729658
782	23,08	19,99249323
783	24,59	21,73250949
784	28,12	24,59531686
785	35,94	27,01084662
786	37,92	28,53604812
787	36,46	28,32202902
788	36,99	28,6226842
789	36,89	27,88858528
790	32,4	40,62148798
791	30,6	35,46534155
792	27,19	34,54163977
793	25,49	34,03793839
794	23,49	33,88799303
795	23,04	34,15900464
796	25,24	34,52532569
797	37,57	34,79932645
798	41,74	35,41877445
799	43,8	36,21270138
800	40,42	36,60528323
801	39,48	36,34451471
802	39,95	36,44832657
803	36,92	35,2739402
804	35,93	34,38018547
805	31,68	34,33841261
806	31,4	35,13229287
807	34,77	36,68389365
808	39,9	39,71276372
809	39,92	42,96418408
810	39,92	44,57924475
811	36,97	44,80428024
812	36,91	45,29279691
813	31,83	44,28399401
814	29,38	39,16889108
815	29,94	34,39675846
816	28,92	33,51789532
817	27,73	33,26065123
818	26,94	33,46260179
819	27,03	34,59744579
820	29,54	37,80181251
821	37,01	43,77479261
822	44,79	47,54712985
823	46,45	48,83089421
824	45,67	48,19692371
825	45,07	47,78192404
826	47,24	47,31955131
827	43,91	45,98233313
828	40,46	45,35340362
829	36,97	44,86591608
830	36,98	45,20304659
831	38,88	46,15525781
832	43,98	48,13319037
833	43,99	49,60646249
834	44,98	50,07746052
835	44,29	48,72538512
836	45,09	47,88880826
837	42,48	44,84628195
838	32,58	39,24193748
839	29,98	34,47726943
840	28,7	33,81752603
841	27,94	33,53997446
842	26,94	33,93235407
843	27,21	34,86242148
844	29,06	37,71698904
845	37,02	42,78002865
846	45,29	46,48810933
847	42,85	47,35372419
848	43,09	46,54280571
849	42,1	46,07639867
850	44,11	45,81043208
851	40,41	44,44797739
852	37,94	43,62978735
853	36,99	42,88847524
854	37,16	43,16376133
855	39,3	43,71886823
856	42,77	45,38352941
857	42,02	46,63039818
858	43,37	47,31094662
859	43,07	46,66317687
860	43,95	46,36286968
861	40,86	43,95579267
862	29,97	38,00205894
863	28,87	32,66323761
864	28,55	31,76734781
865	25,92	31,41424615
866	25,67	31,68678751
867	25,43	32,76566746
868	27,12	35,48419428
869	31,24	40,81788929
870	40,95	44,32760516
871	44,14	44,74850299
872	42,06	43,61565776
873	40	42,62593094
874	39,44	42,31418949
875	35,84	40,99149856
876	31,77	40,22292366
877	31,1	40,04693341
878	31,02	40,56026642
879	32,92	41,44430893
880	40,13	43,34087125
881	42,02	44,70154912
882	41,98	45,55574831
883	39,92	44,87600772
884	37,26	44,38718195
885	30,89	41,71369369
886	26,73	35,55501092
887	24,09	29,06414629
888	23,55	28,25805332
889	17,54	27,63838555
890	18,28	28,01953334
891	17,06	28,89049721
892	25,07	31,61531525
893	28,79	36,27383034
894	36,76	39,38952308
895	35,5	39,54375713
896	36,94	37,80345664
897	32,93	36,19156725
898	31,09	35,57951216
899	28,6	34,14110506
900	27,77	33,46048436
901	26,16	33,36493104
902	27,02	34,08329372
903	29,56	35,08192362
904	39,07	37,78940843
905	38,92	39,85571194
906	38,95	40,70828026
907	37,52	39,81673387
908	38,5	38,77276305
909	38,68	35,65271846
910	32,94	30,04002683
911	32	21,97197675
912	27,72	21,02697299
913	29,15	19,99232714
914	27,71	20,46087574
915	26,53	21,26046836
916	24,81	24,57239742
917	26,01	29,6351621
918	27,06	33,31467103
919	30,43	33,89691298
920	33,42	32,99109103
921	36,44	31,74987651
922	35,83	30,83763002
923	36,24	29,26075371
924	34,89	28,28133322
925	30,04	28,2155579
926	27,94	29,56751936
927	30,32	31,77096219
928	36	34,86239275
929	37,47	36,92977058
930	38,99	37,41562289
931	38,13	36,6264721
932	39,91	36,04903696
933	38,95	34,06279562
934	31,17	29,12437956
935	31,34	21,94566576
936	29,35	20,81171226
937	28,07	20,50951488
938	27,09	20,57147103
939	27,04	21,003337
940	27,03	21,73372609
941	26,87	23,1201367
942	26,99	24,74744784
943	28,05	26,49341925
944	30,08	27,53343445
945	32,7	27,91046358
946	37,98	27,86569354
947	37,85	27,06643791
948	31,03	25,87382298
949	29,68	25,1033134
950	28,46	25,46126168
951	27,04	26,69667934
952	29,09	28,99502191
953	32,42	30,82806341
954	33,01	31,8142783
955	31,06	31,45292375
956	33,44	31,45792972
957	30,98	30,01900887
958	24,98	42,17484545
959	29,11	37,76181082
960	28,08	36,55179757
961	26,01	35,81254695
962	28	35,7025743
963	26,03	35,92692747
964	28,05	36,4420996
965	34,93	36,95633581
966	43,93	38,03059838
967	46,07	39,87103971
968	48,94	41,54874592
969	51	42,88434179
970	50	44,53806469
971	49,54	44,00448623
972	48,93	42,23329384
973	47,94	41,32737319
974	44,39	41,10589539
975	43,07	41,31580381
976	44,1	42,76929409
977	44,91	44,54162645
978	45,06	45,13065753
979	44,93	45,16713381
980	43,94	45,298701
981	39,95	43,87450759
982	33,78	38,72061931
983	28,99	33,79322634
984	27,38	32,92998688
985	25,05	32,49324797
986	23,09	33,08277467
987	22,1	34,09795121
988	27,04	37,4414891
989	32,83	43,68506224
990	36,94	48,41171896
991	41,09	50,56890271
992	42,43	51,47933297
993	42,03	52,34722586
994	42,32	52,81471018
995	40,5	52,12328187
996	41,97	51,58191713
997	41,16	50,96206664
998	40,56	50,31170101
999	40,92	49,9152445
1000	43,1	50,58917147
1001	44,99	51,22123647
1002	45,92	51,0942473
1003	45,31	50,06696215
1004	45,92	48,7265336
1005	44,15	45,53859454
1006	36,04	39,73582028
1007	33,04	33,52839233
1008	29,61	32,49184076
1009	28,01	32,07998214
1010	27,04	32,31154765
1011	27,8	33,12590371
1012	30,56	36,27087313
1013	36,76	41,649033
1014	42,06	45,31222244
1015	45,66	46,85861177
1016	45,96	46,79571214
1017	45,45	46,85010719
1018	45,98	46,92943123
1019	43,57	45,94283351
1020	42,94	45,70469989
1021	41,47	45,28527938
1022	41,93	45,58157275
1023	41,92	46,09674171
1024	43,08	47,43644766
1025	21,03	13,77089171
1026	20,17	13,4296478
1027	19,57	13,75337876
1028	19,4	13,71695665
1029	19,01	14,7335553
1030	20,96	15,79383101
1031	21,13	16,42490609
1032	22,3	16,56250165
1033	20,77	16,37200574
1034	21,99	16,37755088
1035	21,03	15,73493363
1036	16,19	14,83037058
1037	13,06	14,93924475
1038	13,06	15,80973722
1039	13,02	17,54911555
1040	20,03	20,17392357
1041	22,4	23,10634097
1042	27,37	24,74443509
1043	28,07	24,60840845
1044	30,09	24,54002945
1045	30,57	24,44950325
1046	29	37,29013134
1047	26,03	30,26213948
1048	24,05	28,94472436
1049	23,31	28,62926709
1050	22,58	28,64221063
1051	23,02	28,97813079
1052	23,81	29,22326203
1053	28,82	29,69550766
1054	33,09	30,95424727
1055	35,39	32,17421713
1056	32,98	33,15787219
1057	30,53	33,16846559
1058	30,22	33,63952022
1059	27,17	32,44647203
1060	27,92	30,44319621
1061	26,4	29,38681413
1062	26,51	29,54737409
1063	26,76	30,38885799
1064	29,95	33,29422842
1065	33	36,20946809
1066	39,39	38,56329998
1067	40	39,55130672
1068	38,61	40,25444084
1069	35,9	40,75820352
1070	30,45	35,98280572
1071	27,59	28,97167607
1072	27,09	28,13221009
1073	26,41	27,81547551
1074	25,89	28,16265218
1075	25,61	29,50325297
1076	26,14	32,27544118
1077	31	38,00988021
1078	36,99	41,7538363
1079	40,01	42,78592399
1080	35,7	40,99643645
1081	32,99	39,61102408
1082	32,91	39,11452513
1083	31,38	37,88442911
1084	30,91	37,47251878
1085	30,08	37,08912995
1086	31,28	37,67687216
1087	32,4	38,50249282
1088	35,25	40,82850195
1089	39,91	43,72425092
1090	44	46,16082792
1091	37,03	45,97821748
1092	37	45,1672976
1093	32,92	43,80451775
1094	27,91	37,77467838
1095	28,01	30,22753924
1096	26,32	29,24290172
1097	25,1	28,83236684
1098	24,79	29,29694452
1099	24,83	30,21426879
1100	25,85	32,64123911
1101	29,35	37,81235985
1102	33,52	41,14738379
1103	36,79	41,30605813
1104	34,1	39,08179603
1105	32,39	37,82547556
1106	31,43	37,5633159
1107	28,02	36,58017709
1108	26,63	36,28326079
1109	25,93	36,19303068
1110	26,43	36,85470938
1111	28,08	38,07113219
1112	31,66	40,63584231
1113	33,3	43,43785328
1114	34,48	45,25749485
1115	33,41	44,20731472
1116	31,96	43,20264758
1117	28,94	41,29569562
1118	25,35	35,03307237
1119	26,43	27,48590002
1120	26,46	26,0951063
1121	25,9	25,53943158
1122	25,52	25,84125384
1123	25,55	26,77908384
1124	27,49	28,87887464
1125	32,84	33,71607624
1126	36,61	36,84073822
1127	39,16	37,18845448
1128	36,04	35,15736555
1129	37,02	33,51885669
1130	36,01	32,6242532
1131	35,04	31,23325706
1132	34,24	30,65392692
1133	32,94	30,17709511
1134	33	30,89297194
1135	33,31	32,09110234
1136	34,37	34,93077981
1137	34,76	37,68915261
1138	38,38	39,47821877
1139	35,95	38,40723237
1140	35,7	37,00759157
1141	32,92	34,62980704
1142	31,01	28,59735131
1143	29,26	20,75593691
1144	27,24	20,43015939
1145	27,1	20,66084814
1146	26,56	21,54016124
1147	26,5	23,04699924
1148	28,06	25,79819821
1149	32,36	31,42489257
1150	35,99	35,64834511
1151	36,81	37,56069531
1152	36	37,22966767
1153	35,16	37,51583939
1154	34,41	37,67779485
1155	32,15	36,86277093
1156	30,78	36,47653723
1157	30,68	35,666014
1158	31,19	35,6061498
1159	31,62	35,95552863
1160	32,93	37,29376239
1161	34,91	38,65008248
1162	35,96	39,63236638
1163	33,26	38,62659
1164	31,97	37,93612821
1165	31,96	36,10909217
1166	29	30,57765698
1167	31,8	22,68283221
1168	30,83	21,44980383
1169	29,1	21,03035732
1170	27,02	21,44097811
1171	25,77	22,51913423
1172	25,65	24,85545855
1173	26,22	29,81588876
1174	30,32	33,00580145
1175	31,96	33,58700979
1176	32,53	32,31479238
1177	32,26	31,42333527
1178	31,97	30,81077868
1179	29,02	29,48381753
1180	25,25	28,87031764
1181	24,52	28,48986029
1182	24,97	28,98452843
1183	27,72	30,33563095
1184	30,57	32,27487832
1185	31,86	33,92159672
1186	33,62	34,54703993
1187	32,9	33,40356015
1188	32,38	32,14448394
1189	32,14	30,3826427
1190	29,07	25,11563983
1191	30,11	16,61360975
1192	28,11	15,66708864
1193	25,99	15,2386944
1194	24,93	15,12514039
1195	24,25	15,42810199
1196	23,98	16,01608375
1197	23,92	17,49373007
1198	24,79	19,42914268
1199	25,67	20,80310954
1200	25,95	21,25732819
1201	24,87	20,98236125
1202	25,13	20,38300029
1203	23,47	19,04230258
1204	23,82	17,83497293
1205	23,3	17,50234842
1206	23,48	18,37428449
1207	24,76	20,14412446
1208	26,42	22,64140993
1209	29,91	24,63095973
1210	31,94	25,7257502
1211	32,95	25,26584953
1212	33,22	24,86187282
1213	35,93	24,2378583
1214	33,3	37,31702798
1215	29,8	31,20568522
1216	27,32	30,13741809
1217	26,32	29,7532091
1218	25,93	29,68306924
1219	25,92	30,03819973
1220	27,8	30,31165069
1221	35	30,70012904
1222	38,08	31,46019959
1223	39,52	32,50808572
1224	37,94	32,88255847
1225	36,47	32,56721474
1226	36,05	32,65418218
1227	33,64	31,60017432
1228	32,95	30,60627882
1229	32,35	30,33320084
1230	32,6	30,88413643
1231	33,32	32,64299641
1232	35,18	35,35685965
1233	35,99	38,42973904
1234	36,59	40,23720714
1235	36,47	40,86014988
1236	36,08	41,30694965
1237	35,47	41,65817264
1238	30,4	36,82264584
1239	27,98	30,80597655
1240	27,5	29,92153955
1241	26,38	29,60835757
1242	25,88	30,068154
1243	25,91	31,17211746
1244	26,53	34,11347259
1245	30,97	39,93563399
1246	35,9	43,70954692
1247	39,16	44,97457926
1248	37,45	44,34687889
1249	36,46	44,02474861
1250	37,01	43,93230402
1251	33,13	42,96914183
1252	32,91	42,59362883
1253	31,8	42,24420423
1254	32,92	42,54384539
1255	32,26	42,94650124
1256	34,07	44,38221083
1257	37,13	45,76839463
1258	39,3	46,5730507
1259	37,28	46,00738271
1260	36,54	45,25432202
1261	35,81	43,51112449
1262	30,2	37,63282435
1263	28,12	30,86518668
1264	27,61	29,94743668
1265	26,53	29,38086958
1266	25,87	29,59271328
1267	26	30,69766198
1268	26,63	33,22480411
1269	31,53	38,254897
1270	36,43	41,91263663
1271	39,11	43,52432898
1272	40,67	42,93422693
1273	40,92	42,39459578
1274	41,25	42,14353784
1275	37,09	40,82235429
1276	36,53	40,09331123
1277	33,19	39,71815823
1278	32,6	40,08117687
1279	32,7	40,73474653
1280	33,15	42,43122189
1281	35,97	43,9614409
1282	36,61	44,90585634
1283	36,37	44,05282134
1284	35,56	43,39681746
1285	34,04	41,50739184
1286	29,94	35,65387213
1287	26,9	28,80212942
1288	26,39	27,82530417
1289	25,8	27,2090976
1290	25,29	27,44456808
1291	25,26	28,38840134
1292	26,39	30,85199213
1293	29,92	35,7935094
1294	34,91	39,43000455
1295	36,94	40,64261576
1296	35,79	40,23057402
1297	33,93	39,93973408
1298	33,75	39,70814075
1299	33,81	38,10240513
1300	31,79	37,28824396
1301	30,97	36,40735847
1302	31,43	36,29289224
1303	31,43	36,79665692
1304	32,98	38,24311527
1305	34,97	40,04477709
1306	36,72	40,91971231
1307	35,5	40,38162428
1308	34,04	39,66311021
1309	33,93	37,9489865
1310	29,92	32,14574404
1311	28,21	24,3415114
1312	27,04	23,39452862
1313	26,03	22,96271928
1314	24,58	23,38998492
1315	24,84	24,51651707
1316	25,95	27,20362016
1317	29,68	32,13213941
1318	33,99	35,70954829
1319	36,13	36,55853848
1320	36,09	35,85705183
1321	33,75	35,42301086
1322	33,21	35,29673993
1323	31,67	34,37560505
1324	29,5	33,4575279
1325	27,94	33,07740677
1326	27,37	33,5490247
1327	28,09	34,56538986
1328	29,11	36,41629351
1329	31,5	38,16731559
1330	34,13	39,3065259
1331	32,98	38,55612161
1332	30,86	37,69089709
1333	29,81	35,59864672
1334	28,87	29,63746068
1335	31,07	21,31696878
1336	26,51	19,9370087
1337	25,59	19,31266277
1338	24,56	19,4827984
1339	24,17	20,54249034
1340	24,39	22,94795141
1341	24,72	27,74632123
1342	25,46	31,28099198
1343	26,74	31,95726224
1344	28,97	30,78499289
1345	28,38	29,71316959
1346	27,93	29,00610974
1347	26,33	27,25832593
1348	24,79	25,78661417
1349	23,99	24,81355609
1350	24,04	24,83845519
1351	25,04	25,74201407
1352	26,1	27,84133452
1353	30,51	30,22907822
1354	31,92	31,86533541
1355	32,55	31,41348179
1356	32,09	30,67804997
1357	36,02	29,12359202
1358	32,96	23,99528853
1359	28,08	15,58769333
1360	25,36	14,03368091
1361	23,8	13,32022245
1362	22,56	13,12818329
1363	22,14	13,42504877
1364	21,65	13,99804637
1365	20,98	15,05575634
1366	21,99	16,45170446
1367	23,8	17,66890194
1368	25,12	17,823957
1369	25,28	17,08856243
1370	26,77	16,62227041
1371	26,34	15,3953884
1372	25,56	14,14666495
1373	24,35	14,07940675
1374	23,32	15,13491542
1375	22,78	17,38604387
1376	25,25	20,34519322
1377	25,09	23,60413081
1378	28,23	25,50940788
1379	28,92	25,86974036
1380	30,19	26,00933522
1381	31,39	25,56724582
1382	27,78	38,66698979
1383	24,91	31,70672413
1384	23,79	30,6129763
1385	22,55	30,18253521
1386	22,14	30,00531657
1387	22,42	30,21486304
1388	23,93	30,55121653
1389	29,06	30,70820292
1390	32,17	31,66798715
1391	35	32,84140722
1392	33,21	33,70450806
1393	30,13	34,3611857
1394	29,8	35,2256399
1395	27,92	34,70361142
1396	25,93	33,6425922
1397	27,03	32,91892396
1398	27,01	33,11023176
1399	28,48	33,92837557
1400	32,05	36,17726132
1401	35,97	37,99521885
1402	37,15	39,11304092
1403	38,33	39,27202743
1404	36,95	39,6741339
1405	35,99	39,33702185
1406	31,63	34,06898352
1407	27,56	27,08197102
1408	25,79	26,12754144
1409	25,35	25,79023346
1410	24,7	26,22135809
1411	24,27	27,54664024
1412	25,9	30,44262985
1413	30,43	35,75636689
1414	34,87	39,18413202
1415	36,87	39,85401713
1416	36,92	38,24640776
1417	36,97	37,00572068
1418	38,09	36,70869897
1419	37,83	35,6751861
1420	36,85	35,13981678
1421	35,98	35,36100694
1422	35,73	36,18824214
1423	34,92	37,53956596
1424	35,94	40,01308467
1425	35,92	42,893431
1426	34,95	44,37858173
1427	32,83	44,16560974
1428	32,4	43,76362654
1429	31,19	41,80050862
1430	28,98	35,87243531
1431	26,03	29,07160729
1432	24,53	28,09362977
1433	23,74	27,72078039
1434	22,69	28,25764892
1435	22,48	29,26278737
1436	23,66	32,06794753
1437	27,06	37,12006099
1438	31,82	40,77624373
1439	33,95	42,2200579
1440	34,97	42,30491666
1441	35,02	42,90328835
1442	34,95	43,53935139
1443	33,57	42,96922298
1444	30,04	42,38703457
1445	28,13	42,03181584
1446	28,38	42,13258228
1447	28,45	42,0517459
1448	29,95	42,91666868
1449	32,52	43,56948257
1450	33	43,55099535
1451	31,25	42,2564369
1452	30,33	41,10975297
1453	28,99	38,44435359
1454	26,91	32,46650612
1455	23,55	25,83178463
1456	22,43	24,52490853
1457	20,05	23,80541646
1458	19,42	24,01131834
1459	19,83	24,75485053
1460	22,42	27,16016109
1461	25,49	31,89743097
1462	30,01	35,70754374
1463	33,05	37,06263904
1464	32,03	36,69777221
1465	29,01	36,65696706
1466	27,98	36,60452786
1467	25,45	35,5287299
1468	23,58	34,63557104
1469	23,97	34,16402184
1470	27,02	34,1868203
1471	29,29	34,61815102
1472	32,98	35,78091467
1473	34,58	37,30153891
1474	34,9	38,22813678
1475	34,58	37,27971897
1476	34,46	36,46653737
1477	33,91	34,0455395
1478	29,37	28,49109615
1479	28,13	19,32714866
1480	26,83	18,15501969
1481	25,12	17,3900926
1482	23,95	17,72585647
1483	24,07	18,86137762
1484	26,24	21,72612296
1485	30,45	26,71113699
1486	34,01	29,9935263
1487	37,19	30,76241072
1488	38,69	29,48660827
1489	38,54	28,32336229
1490	38	27,83210646
1491	36	26,48702597
1492	33,96	25,85352277
1493	31,39	26,2956217
1494	28,23	27,85675197
1495	28,46	29,83671429
1496	31,29	33,04399257
1497	33,89	35,4279982
1498	34,4	36,87292296
1499	34,15	36,60205251
1500	33,02	35,84878505
1501	32,3	33,66962846
1502	28,84	28,15110583
1503	29,58	20,53128842
1504	26,68	19,33039518
1505	25,34	18,83847461
1506	23,77	19,14613867
1507	22,4	20,38120108
1508	22,01	23,30792681
1509	22,97	28,43860876
1510	25,02	32,42139394
1511	26,36	34,33080797
1512	26,47	34,44140449
1513	24,94	34,18910053
1514	23,71	33,73903661
1515	22,07	31,83476933
1516	19,81	29,96318383
1517	18,38	28,62051958
1518	17,83	27,99123566
1519	17,18	28,52213736
1520	22,03	30,27293864
1521	26,32	31,93652919
1522	28,96	32,81737021
1523	28,92	32,07073259
1524	30,32	31,2675236
1525	30,44	29,10940735
1526	28,12	23,90369144
1527	24,6	15,76675866
1528	20,05	14,35359988
1529	17,99	13,63022271
1530	12,86	13,50011647
1531	12,38	13,81977458
1532	12,35	14,5321644
1533	12,51	15,87602477
1534	11,93	17,53920679
1535	12,25	18,53309354
1536	12,79	18,29653005
1537	9,95	17,29146944
1538	8,83	16,33490439
1539	5,93	14,72488159
1540	0,02	13,15374659
1541	0,04	12,28703712
1542	2,35	12,69013985
1543	5,67	13,91868933
1544	12,84	17,20853244
1545	24,7	20,41004717
1546	27,77	22,49164731
1547	30,48	22,72169286
1548	32,37	23,16527586
1549	32,65	22,44243467
1550	26,33	35,59523273
1551	20,62	29,74686886
1552	16,44	28,36960533
1553	12,91	27,59654262
1554	8,16	27,05083111
1555	8,12	27,19000848
1556	8,94	27,52691527
1557	17,85	27,53483972
1558	23,71	27,46882289
1559	26,29	27,20779828
1560	24,02	26,37148248
1561	20,26	24,93805726
1562	18,73	24,33500018
1563	14,28	22,64339831
1564	13,41	20,74501849
1565	12,89	20,54217366
1566	17,92	22,03232486
1567	20,82	24,84123039
1568	26,52	29,38283635
1569	31,29	34,63093819
1570	34,39	37,36610701
1571	33,23	38,54791174
1572	34	39,48881688
1573	33,93	38,58301773
1574	31,75	33,03152004
1575	23,88	25,28184947
1576	23,06	23,55271535
1577	22,6	22,62475763
1578	20,32	22,10809872
1579	19,94	22,9838904
1580	22,97	25,68527467
1581	28,33	31,21464701
1582	32,86	34,61556366
1583	34,83	35,0711085
1584	35,03	33,32089247
1585	34,6	31,60529667
1586	34,26	30,71869384
1587	33,6	29,21177741
1588	32,78	28,84226274
1589	30,22	29,15071244
1590	27,84	30,37704484
1591	25,97	32,27823351
1592	28,12	35,42043873
1593	30,35	38,97951097
1594	32,02	41,40291554
1595	30,91	42,03764038
1596	30,47	42,53171577
1597	29,1	40,85700954
1598	26,45	35,59760621
1599	23,35	26,87834124
1600	23,11	26,18651551
1601	22	25,95235509
1602	19,99	26,26273843
1603	20,19	27,51496698
1604	23,18	30,61039169
1605	27,59	35,97910212
1606	32,21	39,9474961
1607	33,95	41,27694961
1608	33,5	40,8263527
1609	32,01	40,40425917
1610	31,87	40,15743237
1611	29,66	38,87122059
1612	26,91	37,86449735
1613	25,43	37,1261751
1614	24,51	36,68498458
1615	24,31	36,32873769
1616	27,33	37,72089478
1617	31,48	39,40924573
1618	33,68	40,3223553
1619	33,72	40,00959691
1620	33,93	39,60896966
1621	32,93	37,11866747
1622	28,65	31,47684901
1623	24,23	24,27906752
1624	23,01	23,48710506
1625	22,72	23,11885572
1626	20,49	23,46625369
1627	21,48	24,64114313
1628	22,77	27,73406808
1629	27,97	32,78949279
1630	34,09	36,320423
1631	35,67	37,16912065
1632	33,07	35,96898228
1633	30,86	35,11783584
1634	30,48	34,56783635
1635	28,57	33,04770994
1636	27,17	31,85839085
1637	24,99	31,20408388
1638	25,62	31,31867506
1639	25,69	32,04555597
1640	31,4	34,54550183
1641	34,37	37,07297361
1642	34,95	38,70451468
1643	35,11	38,59046311
1644	34,82	38,28668301
1645	33,87	36,00850208
1646	28,82	30,28487296
1647	24,07	22,25141131
1648	22,97	21,13380968
1649	21,05	20,78033802
1650	19,9	20,86728739
1651	20,05	22,09246948
1652	22,98	24,97788286
1653	27,93	30,31328008
1654	32,55	33,54154115
1655	33,8	33,39810341
1656	34,04	31,0488995
1657	34,91	29,49058898
1658	35,25	29,00890504
1659	34,95	27,84393936
1660	32,1	27,20754183
1661	29,5	26,94478486
1662	27,12	27,60897568
1663	24,2	28,87164525
1664	26,9	31,82045836
1665	28,09	34,27444307
1666	29,06	35,59061517
1667	29,13	35,28315748
1668	28,99	34,16179522
1669	28,34	31,28042878
1670	24,7	25,36496406
1671	21,7	17,61314165
1672	19,97	16,30669231
1673	18,09	15,77618337
1674	16,89	16,12627862
1675	16,1	17,26789472
1676	14,46	20,33228233
1677	16,08	25,83392519
1678	18,05	30,42320259
1679	20,06	32,93462858
1680	20,06	33,44545968
1681	18,06	34,11476257
1682	15,85	34,48099992
1683	13,64	33,30164859
1684	9,07	31,47391411
1685	9,11	30,15840648
1686	10,54	29,41006454
1687	12,52	29,00423067
1688	18,77	29,94808787
1689	24,72	30,80745862
1690	26,88	31,34316087
1691	27,7	30,64736651
1692	29,08	29,78961414
1693	28,31	27,44944828
1694	25,73	22,13224015
1695	23,44	12,38228612
1696	21,18	10,93149937
1697	19,61	10,09110687
1698	19,03	9,963818821
1699	18,05	10,35535453
1700	18,08	11,20890177
1701	18,06	12,39363037
1702	19,14	13,8719247
1703	19,9	14,56169347
1704	18,99	13,43638295
1705	19,74	11,76766804
1706	20,46	10,41953539
1707	19,1	8,728966199
1708	17,41	6,989971547
1709	15,99	6,983474639
1710	16,57	8,272625571
1711	16,89	10,67348142
1712	20,13	14,73163953
1713	26,75	18,79494835
1714	29,57	21,45323277
1715	31,56	22,07669058
1716	32,3	22,83802041
1717	31,56	21,78942908
1718	28,5	35,12264149
1719	25,15	28,55314552
1720	22,94	27,78467337
1721	21,61	27,38040128
1722	21,01	27,6459583
1723	21,5	28,01108967
1724	23,29	28,87304429
1725	27,21	29,29502598
1726	30,82	30,06691756
1727	32	30,83821162
1728	30,59	30,36669477
1729	28,65	29,91649525
1730	28,32	30,17774045
1731	27,02	29,12499499
1732	25	27,7715421
1733	23,9	27,42435953
1734	24,1	28,32659911
1735	25,54	30,07450976
1736	30,62	33,40879672
1737	33,98	37,19409069
1738	35,88	39,41532249
1739	34,32	40,58230766
1740	34,47	41,37725283
1741	33,22	40,51734237
1742	30,42	35,51611389
1743	26,26	28,6438548
1744	23,99	27,7365985
1745	22,94	27,41520647
1746	22,03	27,8215243
1747	22,1	29,04318317
1748	24,1	32,33916171
1749	28,71	37,3097313
1750	33,63	40,61282929
1751	34,14	41,5362838
1752	33,9	40,16268559
1753	31,73	39,07660477
1754	30,13	38,84496316
1755	29,09	37,99603081
1756	28,93	37,53743692
1757	28,94	37,53132191
1758	29,29	38,09045362
1759	30,58	38,86249805
1760	33,12	41,37688406
1761	34,33	43,81150706
1762	35,79	45,27444925
1763	34,81	44,78838929
1764	34,36	44,37035165
1765	31,25	41,78707195
1766	27,74	36,10828705
1767	25,03	28,61845805
1768	24,01	27,85877045
1769	23,51	27,51960429
1770	21,9	28,01339361
1771	22,56	29,25519955
1772	25,05	32,34886757
1773	29,74	37,53945273
1774	34,75	40,80668754
1775	36,1	41,34160547
1776	33	39,74834471
1777	28,54	38,53985486
1778	28,03	38,16875901
1779	27,79	37,18738515
1780	27,72	36,97909154
1781	27,05	37,04228475
1782	28,41	37,8112811
1783	30,47	38,78717478
1784	35,08	41,00227003
1785	35,67	43,05982006
1786	37,07	44,3213751
1787	36,45	43,40582619
1788	35,48	42,73342289
1789	32,42	39,4836131
1790	28,82	33,60165364
1791	25,16	25,34913919
1792	24,12	24,39321579
1793	23,34	24,15936761
1794	21,83	24,62404931
1795	22,49	25,99659917
1796	25,05	29,07981875
1797	30,26	34,19042434
1798	33,79	37,41117994
1799	35,67	37,91431621
1800	35,33	35,97501138
1801	33,38	34,12621147
1802	30,84	33,45347338
1803	29,15	32,36027693
1804	29,44	32,15317344
1805	29,08	32,18770687
1806	29,51	33,20176361
1807	32,78	34,65502632
1808	35,01	37,21659085
1809	36,05	39,44910054
1810	37,34	40,98081524
1811	36,85	40,47167127
1812	36,01	39,70003409
1813	32,74	36,52564612
1814	28,92	30,67603124
1815	27,71	23,03689604
1816	26,62	22,10979775
1817	25	21,76124776
1818	23,91	22,1208515
1819	24,96	23,44107253
1820	26,08	26,64431013
1821	32,25	31,96663213
1822	36,25	35,06562072
1823	37,27	35,53994983
1824	36,45	34,08210061
1825	34,48	33,01859876
1826	31,56	32,51337137
1827	26,95	31,36362162
1828	26,01	31,25159026
1829	25,78	31,50024257
1830	27,48	32,26773372
1831	31,76	33,69307045
1832	34,09	36,09715719
1833	36,09	38,19663315
1834	36,46	39,52452535
1835	34,99	39,00293431
1836	34,32	38,10807563
1837	32,22	35,10635627
1838	28,87	29,38998492
1839	26,54	21,71782691
1840	25,04	20,91580336
1841	23,31	20,51040796
1842	22,81	20,93987151
1843	22,32	22,10456045
1844	22,02	25,08366693
1845	22,44	30,27041717
1846	23,08	33,4075376
1847	26,94	33,7599132
1848	29,03	32,09654013
1849	25,79	30,55693046
1850	24,22	29,31951812
1851	23,12	27,64255499
1852	22,09	26,7126689
1853	21,71	26,62833069
1854	22	27,90573533
1855	20,95	29,85036738
1856	22,73	32,36519258
1857	26,99	34,54453
1858	29,34	35,3104322
1859	30	34,09704536
1860	30,38	32,21883546
1861	29,11	28,7695755
1862	25,03	23,09179805
1863	18,51	14,74478039
1864	15,01	13,4303027
1865	12,13	12,97042069
1866	9,72	13,1088547
1867	9,83	13,63267071
1868	9,74	14,70581072
1869	9,62	16,17089607
1870	9,13	17,49359498
1871	11,34	19,07707608
1872	11,55	19,72409447
1873	11,59	19,09888903
1874	11,6	18,44870813
1875	11,45	17,0112434
1876	9,09	15,7861759
1877	7,19	15,94648786
1878	7,88	17,24847344
1879	8,94	19,06315979
1880	10,86	21,73028132
1881	22,04	24,15679251
1882	28,13	25,40453372
1883	30,74	25,16773976
1884	31,9	24,63208747
1885	30,59	22,72051135
1886	23,54	35,51217359
1887	20,68	27,07376248
1888	19,04	25,60873249
1889	18,78	24,48826812
1890	17,5	24,05082158
1891	18,07	24,17703803
1892	20,81	24,64612301
1893	26,82	25,23449539
1894	31,42	25,88539475
1895	34,41	26,89969995
1896	35	27,49442324
1897	31,66	27,15123636
1898	29,06	27,2673708
1899	27,25	26,50549442
1900	27,19	25,33218092
1901	27,3	24,98733736
1902	27,81	25,85577038
1903	28,49	27,72374106
1904	32,9	31,2833856
1905	36,59	35,87510624
1906	37,71	38,44724247
1907	37,64	39,6603084
1908	35,02	39,92432329
1909	30,99	38,43093379
1910	27,92	33,15688435
1911	23,68	25,10807032
1912	22,35	24,40944141
1913	21,62	24,25630885
1914	20,29	24,6175674
1915	22,01	26,29142894
1916	23,52	30,31635179
1917	30,56	36,9546734
1918	35,24	40,93336678
1919	37,31	42,3343898
1920	37,95	41,50199396
1921	34,94	40,97612084
1922	32,36	41,0244118
1923	28,78	40,02660667
1924	28,07	39,6043574
1925	27,95	39,74630662
1926	30,2	40,30668297
1927	34,63	41,25962401
1928	37,96	43,49129107
1929	40,2	45,538754
1930	41,6	46,69737481
1931	42	46,62101305
1932	38,92	45,49665289
1933	33,38	42,1453222
1934	27,57	36,33120718
1935	26,19	27,41469654
1936	23,9	26,56146672
1937	22,82	26,30794138
1938	22,24	27,04735019
1939	22,25	28,68155838
1940	24,23	32,10566275
1941	30,85	37,99742114
1942	34,9	41,66118806
1943	36,02	42,6052655
1944	34,93	41,35096152
1945	29,96	40,14365198
1946	27,56	39,34484878
1947	26,83	37,9178519
1948	26,24	37,48041474
1949	26	37,6588891
1950	30,48	38,87062188
1951	32,97	40,42072173
1952	34,95	42,905366
1953	37,69	45,28027211
1954	38,44	46,79415091
1955	37,99	46,55596529
1956	34,01	45,40737382
1957	28,61	41,6967133
1958	24,49	35,29150011
1959	21,96	27,29672244
1960	21,86	25,97054761
1961	20,97	25,25434373
1962	21,16	25,52582851
1963	21,45	26,49407611
1964	23,3	29,5650117
1965	30,33	35,24488379
1966	34,2	38,41955322
1967	35,7	38,51062581
1968	34,91	36,56082794
1969	29,26	34,64400326
1970	27,78	33,5069996
1971	26,81	32,21946589
1972	25,42	31,84337073
1973	24,98	32,01725457
1974	27,26	33,47234881
1975	30,17	35,41415712
1976	34	38,26985663
1977	36,65	41,17418729
1978	38,78	42,561865
1979	37,96	41,78213151
1980	34,16	39,88839475
1981	27,98	35,83978546
1982	24,26	29,57782643
1983	22,1	20,32953044
1984	20,34	19,62868251
1985	20,31	19,39497165
1986	20,23	20,09801076
1987	21,25	21,27827391
1988	23,1	24,72609763
1989	29	30,88200692
1990	34,47	34,10327985
1991	35,9	34,42556384
1992	34,92	32,76639683
1993	32,55	31,00841632
1994	28,87	30,24058164
1995	26,67	29,20523774
1996	25,13	28,74924744
1997	24,49	28,98488018
1998	26,68	30,42406266
1999	29,73	32,25996885
2000	34,92	35,62944827
2001	38,45	38,52326145
2002	41,99	40,08669026
2003	39,01	39,39287126
2004	37,06	37,56961141
2005	32,09	33,67645479
2006	27,22	27,59832755
2007	25,93	17,65922703
2008	24,05	16,76360932
2009	23	16,40911999
2010	23,07	16,85116215
2011	23,28	18,13707098
2012	23,18	21,42989518
2013	25,28	27,1544054
2014	26,84	30,72202256
2015	29,5	31,13953208
2016	29,56	29,84786921
2017	25,14	28,8815094
2018	23,02	27,89657616
2019	21,93	26,25219971
2020	20,03	25,30856289
2021	19,96	25,20167385
2022	20,76	26,37245362
2023	23,03	28,73947731
2024	28,41	32,2938657