index	real	predict
25	25,41	25,86272827
26	20,55	24,9121673
27	22,1	25,22545842
28	24,5	26,16814425
29	34,51	31,62413598
30	37,71	35,33635628
31	40,46	36,99330915
32	34,46	35,90240058
33	32,71	35,11272357
34	31,79	34,2041219
35	26,02	30,39004691
36	26,04	28,34259203
37	24,43	26,16575355
38	22,08	25,8521143
39	22,01	25,84655743
40	24,85	30,30700143
41	26,93	31,77028177
42	30,17	34,98049045
43	32,73	34,93729982
44	34,68	33,96289517
45	36,92	32,44641331
46	26,1	25,35549305
47	28,03	21,71988053
48	25,91	20,84884085
49	25,02	20,72516067
50	24,03	19,35954357
51	22,11	20,42110889
52	24,71	22,26383324
53	30,9	28,29409877
54	33,15	31,5353624
55	33,4	33,19258727
56	29,98	31,0294807
57	29,08	30,15838545
58	28,63	29,84555698
59	26,34	26,75686018
60	25,29	26,07175572
61	25,15	24,85121986
62	25,92	23,69798853
63	28,48	23,50626367
64	34,63	25,44622
65	42,4	27,11312446
66	50,17	28,87417816
67	46,31	29,62488558
68	44,85	29,9179334
69	47,05	30,13816743
70	39,9	21,74291125
71	42,84	20,47425855
72	35,93	19,15614393
73	33	18,63796084
74	29,15	18,49462421
75	28,74	18,34500375
76	28,7	20,29116147
77	30,62	25,37994199
78	31,29	28,21269137
79	32,49	28,79315175
80	30,71	26,72020042
81	28,64	25,91651505
82	29,88	25,43748075
83	29,91	23,9255753
84	28,56	22,97692672
85	27,46	22,41366284
86	27,1	22,8302569
87	27,49	24,35928236
88	30,4	27,73436209
89	36,82	31,62411866
90	39,9	34,99316875
91	40,05	33,4511822
92	42,02	32,49851446
93	45,42	32,76642061
94	40,01	25,97342627
95	35	25,3452848
96	29,95	22,27326737
97	28,49	20,81681961
98	27,03	19,51613785
99	27,44	19,38645831
100	25,62	19,29406054
101	25,05	20,46232477
102	24,07	21,25816905
103	23,9	22,17912642
104	24,09	21,54672624
105	21,06	20,41699361
106	22,98	20,30283311
107	24,08	19,20075085
108	22,92	17,66363923
109	19,42	16,57094044
110	20,08	16,69761687
111	23,91	17,67063384
112	27,07	20,33173984
113	30,03	24,08441748
114	35,74	26,06114306
115	36,58	25,95860341
116	36,6	26,19788465
117	39,99	26,99872133
118	38,49	38,9243582
119	32,24	32,1288365
120	28,94	30,3239682
121	26,86	29,86726846
122	24,79	29,50483886
123	24,98	29,79954122
124	27,43	29,31212732
125	36,52	29,4037193
126	44,81	29,50785888
127	45,84	30,03855008
128	45,97	30,71666398
129	46,69	30,3323197
130	52,38	31,51072176
131	52,87	31,79478334
132	47,67	31,10357877
133	48,19	29,91952022
134	47,06	30,46878009
135	45,98	32,28802457
136	44,97	34,30588281
137	46,73	36,21458391
138	47,02	38,42087642
139	44,62	38,79036989
140	42,14	38,88420875
141	44,98	40,04465636
142	33,77	36,63186689
143	32,43	29,83883566
144	28,47	28,72820999
145	27,91	28,16092238
146	26,4	27,87673544
147	26,93	28,63080819
148	28,03	30,76546275
149	35,04	36,65265007
150	50,1	41,78009556
151	60,15	43,51585495
152	54,95	44,19303919
153	53,84	45,00139052
154	53,59	47,44354137
155	49,99	47,55407435
156	44,98	45,87802286
157	40,79	45,88100327
158	38,52	45,35553444
159	38,51	44,75329417
160	41,94	44,80958675
161	42,92	45,4522772
162	45,9	45,37249352
163	47,32	43,79239284
164	46,1	42,22474449
165	46,89	41,93111892
166	37,03	34,97737561
167	43,06	29,86616691
168	36,13	28,25186661
169	31,07	28,01115571
170	30,01	27,92802516
171	30,01	28,75970816
172	36,62	30,46031252
173	44,92	35,68593663
174	56,25	42,91321879
175	54,01	47,44039921
176	58,62	46,29226764
177	57,82	46,48311385
178	59,29	47,09352789
179	52,32	45,54688193
180	46,99	43,7008033
181	46,07	42,04337535
182	45,23	41,02784012
183	45,54	40,4700238
184	49,94	41,69075145
185	56,36	42,16593348
186	59,15	43,13833109
187	54,97	42,77137613
188	52,34	41,72601804
189	53,98	41,00453539
190	44,73	34,12121371
191	40,01	31,90987397
192	36,44	29,32620925
193	33,36	27,67547381
194	31,86	27,61210095
195	31,29	28,15987995
196	38,06	31,40383747
197	43,09	36,99671928
198	55,92	43,02090146
199	54,38	43,43377468
200	53,88	44,76785248
201	52,5	44,97381881
202	52,06	45,95492681
203	45,98	43,20404511
204	42,91	41,20994174
205	42,01	40,52124282
206	42,07	40,03166079
207	42,05	39,97585917
208	49,38	41,79772303
209	56,14	44,30794936
210	55,63	45,50504138
211	53,45	43,62654562
212	51,21	42,20451116
213	50,48	41,70874375
214	39,93	34,74268403
215	37,22	29,88647726
216	34,25	28,20142033
217	32,91	26,95992441
218	30,01	26,6748698
219	29,94	26,93257788
220	31,11	30,30153387
221	38,76	34,98223738
222	45,28	41,39529127
223	46,04	42,08593438
224	44,97	41,96429514
225	43,91	41,7194174
226	42,05	41,71925667
227	32,94	39,14891507
228	29,76	37,70200294
229	29,92	36,86957244
230	29,95	36,68242398
231	30,55	36,5274524
232	36,6	39,42305216
233	40,86	42,02452415
234	45,45	42,23044997
235	44,71	41,07045474
236	46,91	39,61756856
237	47,09	38,3169
238	41,97	30,52190967
239	41,85	27,0323144
240	38,18	25,28668344
241	35,04	24,39672218
242	33,31	23,50545261
243	32,08	23,92416279
244	31,23	25,53231874
245	30,71	31,04948
246	34,43	35,53376674
247	36,93	36,73013818
248	41,93	36,2329103
249	36,92	35,7643452
250	36,57	34,83974613
251	35,05	30,43391416
252	31,26	28,22753463
253	31,72	27,38795441
254	32,52	27,19097863
255	34,33	27,40460319
256	38,1	30,09714104
257	43,37	32,45845529
258	46,93	34,2876305
259	45,92	33,36408733
260	44,92	33,46438671
261	46,94	32,89929342
262	43	26,59675722
263	40,52	24,64321229
264	35,87	22,59542905
265	31,05	21,19695383
266	28,88	20,58553377
267	27,1	20,29722625
268	25,45	20,0945751
269	25,4	20,60129862
270	27,07	22,61267823
271	29,5	24,09540363
272	33,1	26,13794268
273	34,97	24,55499907
274	34,97	24,09386886
275	30,79	22,15575471
276	27,58	19,64036264
277	25,44	19,2944701
278	22,74	19,58913904
279	21,42	20,52497806
280	22,24	22,99475732
281	26,76	25,9342472
282	31,9	27,53970002
283	32,83	26,95995717
284	33,45	26,50794939
285	36,03	27,15277991
286	31,04	39,54247402
287	25,41	33,83897789
288	23,26	32,22253357
289	24,24	30,70908212
290	23,12	30,10533183
291	22,63	29,78608799
292	25,44	29,49288064
293	37,34	29,77635889
294	45,12	30,92976373
295	47,99	32,54808796
296	47,11	34,38607215
297	45,92	35,62168207
298	48,19	36,34789704
299	48,82	35,01075705
300	48,73	33,62586522
301	47,94	32,69594804
302	48,05	31,87407496
303	49,54	31,51653608
304	50,94	32,30863443
305	49,93	34,4550823
306	56	36,4320796
307	50,03	36,8155163
308	48,19	37,24165613
309	46,54	38,35572178
310	41,95	33,87034443
311	40,17	26,91955709
312	35,08	25,91138063
313	32	26,15920958
314	28,8	26,11086244
315	28,78	26,77885162
316	32,15	29,24482149
317	41,32	35,97131063
318	48,77	40,83833656
319	55,77	42,96153564
320	52,58	42,88772982
321	52,63	43,03140424
322	50,94	44,25857687
323	45,82	44,33309252
324	37,88	44,28066415
325	36,08	44,02440281
326	39,27	44,21881002
327	43,97	44,76897523
328	48,92	45,77128626
329	56,55	45,96672843
330	66,39	47,82522536
331	60,83	45,38002684
332	55,92	44,24601271
333	55,13	42,93685951
334	48,65	37,90321406
335	37,83	32,44743222
336	37,61	30,31757069
337	35,64	29,23170558
338	31,82	28,37616092
339	32,22	28,84127306
340	35	31,04480128
341	44,24	36,75344454
342	53,64	41,48428538
343	56,92	44,94732401
344	52,51	44,3660712
345	55,09	44,86706603
346	54,15	44,78936657
347	49,96	42,81537867
348	48,07	40,14448462
349	48,02	39,11575003
350	49,15	40,02590428
351	51,27	41,28446421
352	52,9	43,2573737
353	50,72	46,03267561
354	51,7	49,08239231
355	50,56	46,78981217
356	49,98	44,83577715
357	49,94	43,89057913
358	41,89	38,10076827
359	36,06	30,79183245
360	35,5	30,15520504
361	33,1	29,33220779
362	30,52	28,36552738
363	32,3	28,90578172
364	35,2	30,9624149
365	39,99	36,78078525
366	49,94	42,16208148
367	50,66	44,27006289
368	54,87	43,01501775
369	51,91	44,11456717
370	52,92	44,1079231
371	54,91	42,17826989
372	54,72	41,38828926
373	51,83	41,24063403
374	51,5	41,58597876
375	51,94	42,36298071
376	51,37	43,34147971
377	51,94	42,99506598
378	53,37	43,32563444
379	55,93	42,03765232
380	52,95	41,2321791
381	53,39	40,19537347
382	45,46	33,61689759
383	41,97	28,13683714
384	36,59	27,42819735
385	34,36	26,45635518
386	32,43	25,87125799
387	33,05	27,00846397
388	34	29,25604872
389	42,96	33,8148976
390	55,25	39,40821843
391	55,17	40,84744638
392	56,91	42,17220392
393	53,45	41,39157034
394	52,62	42,10089358
395	51,92	42,11542983
396	49,95	41,50198007
397	48,78	40,14285543
398	47,92	39,75105818
399	48	39,79836914
400	49,6	39,98833393
401	51,28	40,45518668
402	49,94	41,00029594
403	45,93	40,99334639
404	43,1	39,58862767
405	42,75	38,82012144
406	34,05	31,86719835
407	22,41	28,33219891
408	19,6	25,97467761
409	16,19	24,97875909
410	16,12	24,45202257
411	16,15	25,10051547
412	15,62	26,65461498
413	15,08	32,48730506
414	22,62	38,64660741
415	25,3	39,68147269
416	24,71	39,95093334
417	20,85	39,07873715
418	16,78	39,02357613
419	16,19	38,1363809
420	12,92	36,58599845
421	6,1	35,51716104
422	5,57	35,05410409
423	10,57	35,13246253
424	14,7	36,2097414
425	16,17	37,09351584
426	15,76	36,57479923
427	15,97	34,38763998
428	15,06	32,70170325
429	12,95	31,31606124
430	6,53	23,30873488
431	-0,09	16,588963
432	-5,31	14,7828361
433	-1,84	13,0808909
434	0,01	12,77151385
435	0,03	12,77189834
436	0,03	12,67037477
437	1,15	13,20360039
438	1,66	16,66914647
439	2,12	18,62374317
440	2,18	18,80683375
441	0,04	17,03606428
442	2,52	14,86924153
443	2,07	12,82432479
444	0,06	9,888235775
445	0,1	6,262333482
446	4,37	5,194262907
447	10,65	7,085944737
448	24,08	9,308700482
449	35,92	10,57290323
450	36,29	10,6247296
451	36,96	10,18392661
452	39	9,573998609
453	39,96	8,35901931
454	32,96	25,52056368
455	25,5	16,8630174
456	20,2	15,10539515
457	16,81	16,37339607
458	15,85	17,31808717
459	15,88	17,81466691
460	23,04	18,28158133
461	35,75	19,11500424
462	42,06	19,8911258
463	43,61	20,68214117
464	44,98	21,13334737
465	42,95	20,78648577
466	41,79	22,12955679
467	40,02	22,0761741
468	35,96	21,22085414
469	31,56	21,52728168
470	29,01	23,50953913
471	26,48	26,50551957
472	29,03	32,19747487
473	31,34	37,18435035
474	34,86	38,11765313
475	33,05	38,54270692
476	30,99	39,34129496
477	30,55	39,44676424
478	25,46	34,27231465
479	19,13	27,2246879
480	16,27	25,30546417
481	15,47	24,19275433
482	10,54	24,13722011
483	12,6	24,74705353
484	16,61	28,36442993
485	23,09	35,01907908
486	30,54	39,35184057
487	31	41,2993888
488	31,34	42,31519924
489	27,07	42,44257259
490	26,42	42,78696942
491	23,88	41,69241859
492	22,87	40,03477158
493	19,98	38,20759931
494	20,08	37,17085077
495	23,29	36,14970756
496	27,51	37,27358902
497	32,96	38,39370022
498	33,82	39,58834358
499	31,88	38,28822807
500	32,18	37,19541199
501	34,42	36,05868672
502	26,42	30,37867624
503	21,05	23,14667615
504	19,02	21,88359804
505	16,36	21,5600811
506	15,5	20,20795328
507	16,13	21,37506118
508	18,68	23,90507177
509	27,05	28,54452721
510	34,79	33,06387663
511	37,93	34,25615937
512	37,09	34,6470693
513	34,88	33,7090796
514	36,92	33,71606536
515	35,44	32,24092139
516	30,96	31,291048
517	29,33	29,94535552
518	25,64	29,76581003
519	25,13	30,80686391
520	25,42	33,00172988
521	27,07	35,4808686
522	31,38	36,26701549
523	31,5	35,12127634
524	30,97	34,88628198
525	27,33	34,58202467
526	22,07	27,88695277
527	16,12	22,19196303
528	15,38	21,21323634
529	8,35	20,23510818
530	5,84	20,21907754
531	11,14	21,03528132
532	16,67	23,17505912
533	20,77	28,60916211
534	30,74	33,39037086
535	33,16	35,46420615
536	26,9	35,25296081
537	23,48	34,72961403
538	25,08	35,59779247
539	22,34	34,28807674
540	23,46	32,18873397
541	23,41	30,71648051
542	25,14	29,1384955
543	26,41	28,49001009
544	26,88	29,13094523
545	32,19	30,36714078
546	37,91	32,27368538
547	37,27	31,69965113
548	36,94	31,23068976
549	34,41	28,91188231
550	27,91	22,36876342
551	25,21	17,13804994
552	22,07	16,27984236
553	18,86	13,74306085
554	16,18	13,14855504
555	18,94	15,4985175
556	22,99	18,71938096
557	32,32	22,77849779
558	37,92	28,15170125
559	38,88	29,68910876
560	33,99	27,26836839
561	29,23	26,06487939
562	28,29	26,94014529
563	26,06	25,48230916
564	25,58	25,46290918
565	25,25	25,42123311
566	25,69	26,13592689
567	29,37	26,61341278
568	34,96	27,65415879
569	39,66	30,36087708
570	44,82	32,83325948
571	45,44	32,28667146
572	41,2	31,9811169
573	37,81	30,08212249
574	31,84	23,21665206
575	25,5	20,01995653
576	23,19	18,38501867
577	21,3	17,07901985
578	22,03	16,42334189
579	21,91	18,02646754
580	22,04	20,80382235
581	22,13	26,72982364
582	22,22	30,6234339
583	24,45	31,67187402
584	23,49	29,39673961
585	17,07	27,42603994
586	16,18	26,61898897
587	15,35	24,90981577
588	12,76	23,77550658
589	12,78	23,02130227
590	14,22	23,24977706
591	16,02	25,03486017
592	25,01	28,12873995
593	30,03	30,91365779
594	32,86	33,23003684
595	30,27	33,04938301
596	30,27	31,38167933
597	31,07	29,24263788
598	25,37	22,55140858
599	17,09	18,71972044
600	16	17,06680738
601	14,93	15,94478174
602	14,56	15,98850213
603	15,04	16,00221514
604	14,82	16,22183223
605	15,32	16,74820738
606	15,58	17,39320511
607	14,93	18,69317588
608	14,16	18,3425173
609	12,71	15,4503845
610	13,89	14,35573575
611	11,5	12,59842413
612	10,03	10,80253557
613	9,2	10,84246374
614	9,66	11,85985516
615	12,06	13,60369009
616	15,05	18,56368777
617	22,36	21,6896193
618	27,98	23,25006967
619	30,01	22,0274331
620	33,02	21,86418581
621	29,95	21,43587387
622	25,03	33,50607149
623	23,03	25,80167603
624	17,02	25,34102055
625	16,02	25,03169335
626	15	25,02620871
627	14,09	25,41658103
628	19,08	25,62492145
629	25,25	26,04275251
630	33,82	26,53569834
631	38,55	26,86049784
632	36,98	27,00635797
633	34,31	26,80964994
634	31,4	27,52666489
635	26,39	26,55381564
636	25,24	25,78384415
637	24,03	25,41864881
638	25,43	25,8787469
639	26,57	27,21434909
640	34,38	29,30818637
641	37,78	32,77624194
642	40,97	35,25584018
643	40,86	36,10476455
644	40,83	37,35156914
645	39	36,30447342
646	28,39	31,70756334
647	26,69	26,29510345
648	26	24,22437697
649	24,56	23,91344334
650	19,08	23,8544427
651	21,98	24,16263779
652	25,39	27,02244989
653	28	31,56265663
654	37,96	36,26885075
655	36,99	38,88882032
656	36,33	38,78720111
657	35,94	38,45188037
658	35,96	38,04750426
659	33,98	36,1252685
660	30,44	35,63453775
661	32,44	35,11419156
662	37,64	35,67373935
663	38,98	36,11991211
664	39,93	39,14040837
665	39,94	40,72765623
666	39,9	41,94061159
667	40,27	41,2229954
668	38,37	40,90592302
669	38,62	39,10252226
670	31,39	32,08124201
671	30,4	26,96733281
672	28,86	26,43055627
673	28,05	25,91486886
674	25,18	24,46439492
675	24,07	25,96132859
676	27,33	28,38254842
677	33,79	31,72194981
678	40,89	36,92103437
679	43,75	37,87720511
680	41,03	37,96614928
681	38,74	38,34626453
682	36,9	38,98793096
683	31,42	37,99954991
684	29,58	36,76623348
685	29,55	37,2145972
686	29,2	38,91020809
687	29,8	39,27364048
688	37,54	39,91299819
689	44,03	40,15058359
690	46,9	39,79189038
691	41,92	39,03648528
692	43,93	38,04204202
693	41,18	36,76305294
694	31,33	30,56618733
695	30,24	26,5904628
696	27,95	25,72934278
697	25,14	25,40208269
698	23,21	24,78951103
699	23,02	25,12441078
700	25,46	27,54486586
701	31,32	32,10590783
702	39,94	36,42501796
703	42,72	38,38638786
704	38,42	37,57760028
705	36,91	37,04419717
706	34,58	36,81286795
707	30,49	34,51127899
708	29,02	33,42985301
709	28,74	33,13176425
710	28,78	32,86587121
711	30,93	33,05630977
712	38,93	36,22042289
713	43,03	38,9845918
714	48,92	40,14371684
715	45,18	37,9513378
716	44,93	38,29579316
717	42,87	36,06910313
718	35,95	28,61837915
719	30,35	24,89970907
720	28,73	23,5568041
721	26,56	22,38592288
722	25,36	21,88288196
723	25,28	22,35715656
724	27,4	24,50403463
725	32,28	29,06039798
726	38,68	33,99249171
727	39,82	35,85566193
728	38,93	34,62342562
729	38,82	34,34602003
730	36,95	33,85148706
731	32,56	31,88032696
732	29,32	30,94743995
733	28,87	30,47606056
734	29,14	30,44053811
735	30,99	31,26558713
736	38,96	34,75505199
737	42,3	36,8218683
738	43,97	38,91844744
739	41,41	36,94064054
740	41,57	36,42909569
741	40,98	34,37684167
742	31,98	27,57142994
743	31,22	23,68975036
744	27,38	22,5046055
745	26,23	21,5862054
746	25,21	21,31393947
747	23,05	21,77297531
748	23,04	23,831525
749	25,24	28,05066107
750	28,31	32,38468051
751	29,91	33,69121886
752	31,56	33,45150784
753	28,02	33,55300917
754	27,2	32,80561224
755	25,24	30,1218035
756	23,49	27,98008702
757	22,14	27,09400001
758	24,11	27,02475201
759	25,28	27,98118441
760	29,57	31,37859421
761	31,95	33,09753402
762	33,96	33,84695817
763	33,91	32,0294661
764	34,92	31,65898373
765	35,26	30,13363178
766	32,65	22,44882874
767	27,02	20,70814189
768	25,28	18,59953249
769	24,04	17,72410831
770	22,95	17,2879997
771	22,2	16,66650174
772	22,01	17,0039992
773	21,87	18,35897606
774	21,43	20,13290527
775	22,64	21,24564962
776	23,94	21,99768492
777	25,11	20,50470041
778	26,12	19,58073714
779	23,72	17,40549703
780	23,84	15,65243568
781	23,08	14,78125542
782	23,08	15,72146401
783	24,59	16,87452855
784	28,12	19,73146634
785	35,94	21,7557462
786	37,92	23,09807987
787	36,46	22,70390235
788	36,99	23,04417705
789	36,89	22,48883315
790	32,4	35,66606098
791	30,6	28,99737242
792	27,19	28,33018982
793	25,49	27,95432435
794	23,49	27,74574735
795	23,04	27,78806426
796	25,24	28,01458298
797	37,57	28,23457974
798	41,74	28,61974772
799	43,8	29,6478333
800	40,42	30,62743978
801	39,48	31,32106694
802	39,95	32,0890443
803	36,92	31,16270218
804	35,93	30,85290322
805	31,68	30,62107563
806	31,4	30,90922855
807	34,77	31,85939357
808	39,9	34,00337281
809	39,92	37,40417841
810	39,92	38,54135865
811	36,97	38,26700254
812	36,91	38,79733888
813	31,83	38,41824047
814	29,38	34,08705138
815	29,94	29,05441963
816	28,92	27,89907109
817	27,73	27,45480164
818	26,94	27,11549703
819	27,03	27,59174404
820	29,54	29,72762853
821	37,01	36,07766251
822	44,79	39,64596181
823	46,45	41,61355554
824	45,67	41,15325463
825	45,07	41,45490725
826	47,24	41,97304944
827	43,91	40,77167967
828	40,46	40,23586392
829	36,97	38,75746853
830	36,98	38,59762419
831	38,88	39,59307749
832	43,98	41,63451637
833	43,99	42,1105603
834	44,98	42,11235796
835	44,29	40,43204713
836	45,09	40,00424603
837	42,48	36,96547646
838	32,58	32,55837184
839	29,98	28,51952914
840	28,7	28,01747646
841	27,94	27,6418656
842	26,94	27,69010292
843	27,21	28,23415658
844	29,06	30,39058979
845	37,02	35,20609391
846	45,29	39,79409132
847	42,85	41,39632507
848	43,09	41,36777906
849	42,1	41,67658797
850	44,11	42,73556679
851	40,41	41,37592521
852	37,94	40,06679944
853	36,99	38,59699532
854	37,16	38,4777076
855	39,3	38,91959013
856	42,77	40,83077098
857	42,02	41,16031594
858	43,37	41,47347008
859	43,07	40,69265835
860	43,95	40,71530984
861	40,86	38,56178539
862	29,97	31,73388776
863	28,87	27,20193172
864	28,55	26,44351921
865	25,92	26,09525908
866	25,67	25,9959393
867	25,43	26,64821464
868	27,12	28,61678442
869	31,24	33,8862514
870	40,95	38,66760385
871	44,14	39,11402751
872	42,06	39,21229558
873	40	39,08232134
874	39,44	40,01806775
875	35,84	38,407904
876	31,77	37,23201024
877	31,1	36,59321712
878	31,02	36,58696943
879	32,92	37,22087717
880	40,13	38,85032237
881	42,02	39,03674371
882	41,98	39,54659132
883	39,92	38,78680195
884	37,26	38,70064347
885	30,89	36,14473674
886	26,73	28,46039993
887	24,09	24,88789717
888	23,55	24,34154335
889	17,54	23,27438196
890	18,28	23,38365791
891	17,06	23,76868346
892	25,07	25,74915516
893	28,79	29,79111858
894	36,76	34,8478777
895	35,5	36,56924572
896	36,94	35,68647356
897	32,93	34,79073603
898	31,09	34,79432633
899	28,6	33,00495121
900	27,77	31,39894756
901	26,16	30,81374889
902	27,02	30,85492389
903	29,56	31,42729036
904	39,07	34,57911705
905	38,92	35,87175245
906	38,95	35,9987068
907	37,52	34,60528401
908	38,5	33,19789846
909	38,68	29,29206941
910	32,94	22,8711471
911	32	19,39524906
912	27,72	18,56710548
913	29,15	16,19405555
914	27,71	16,543983
915	26,53	16,55900024
916	24,81	20,65352684
917	26,01	24,96465904
918	27,06	29,95697567
919	30,43	30,64047449
920	33,42	30,93013692
921	36,44	29,55237059
922	35,83	28,80355387
923	36,24	26,91232583
924	34,89	25,57478638
925	30,04	24,49305354
926	27,94	25,02112956
927	30,32	26,59647596
928	36	30,70792767
929	37,47	31,63136999
930	38,99	31,55221952
931	38,13	30,31872578
932	39,91	30,02056083
933	38,95	28,50576865
934	31,17	21,76787558
935	31,34	20,30993897
936	29,35	18,27602443
937	28,07	18,30589484
938	27,09	17,76990206
939	27,04	17,52504972
940	27,03	17,31307828
941	26,87	18,32743442
942	26,99	19,56245939
943	28,05	21,66134294
944	30,08	23,28982419
945	32,7	24,47463911
946	37,98	24,30505729
947	37,85	23,65050648
948	31,03	22,13491795
949	29,68	19,92198207
950	28,46	19,26885147
951	27,04	20,49674323
952	29,09	23,4226921
953	32,42	24,87964062
954	33,01	25,78188159
955	31,06	25,13944961
956	33,44	25,53036661
957	30,98	24,1728782
958	24,98	35,44994349
959	29,11	30,48838635
960	28,08	29,65690065
961	26,01	29,18956085
962	28	29,03849812
963	26,03	29,26476044
964	28,05	29,61421638
965	34,93	29,9291959
966	43,93	30,58488374
967	46,07	31,8782728
968	48,94	33,42544189
969	51	35,02360726
970	50	37,50535067
971	49,54	37,43423261
972	48,93	34,91043384
973	47,94	34,22571889
974	44,39	33,8873051
975	43,07	33,66040638
976	44,1	34,9372784
977	44,91	36,69352535
978	45,06	37,14727816
979	44,93	36,72658782
980	43,94	37,54400622
981	39,95	36,3068448
982	33,78	31,48689738
983	28,99	27,98650637
984	27,38	27,50118644
985	25,05	26,89841337
986	23,09	27,82042739
987	22,1	27,84886837
988	27,04	30,02791057
989	32,83	35,14233203
990	36,94	40,41241455
991	41,09	42,64926952
992	42,43	44,32857973
993	42,03	45,82283996
994	42,32	46,29383643
995	40,5	45,94514257
996	41,97	45,51587873
997	41,16	44,83634825
998	40,56	43,4292408
999	40,92	42,68807137
1000	43,1	43,24974686
1001	44,99	43,73265221
1002	45,92	43,60215152
1003	45,31	42,9279781
1004	45,92	41,91323846
1005	44,15	39,06045423
1006	36,04	33,5939711
1007	33,04	27,45464216
1008	29,61	26,63088438
1009	28,01	25,89553292
1010	27,04	25,55749299
1011	27,8	25,76318119
1012	30,56	28,7443104
1013	36,76	33,35213436
1014	42,06	36,96811055
1015	45,66	39,52060655
1016	45,96	40,34819418
1017	45,45	40,8565232
1018	45,98	41,44119814
1019	43,57	40,51314591
1020	42,94	40,67934814
1021	41,47	39,96011365
1022	41,93	39,69083206
1023	41,92	39,74028939
1024	43,08	40,80188213
1025	21,03	17,44595277
1026	20,17	16,82946748
1027	19,57	16,78849018
1028	19,4	16,55481745
1029	19,01	16,9707891
1030	20,96	17,5690633
1031	21,13	18,18061718
1032	22,3	18,25289932
1033	20,77	17,88108089
1034	21,99	17,71711169
1035	21,03	17,25820032
1036	16,19	16,07630254
1037	13,06	15,78119679
1038	13,06	16,05780147
1039	13,02	17,11760558
1040	20,03	18,9646472
1041	22,4	21,79647748
1042	27,37	23,00843625
1043	28,07	22,48635752
1044	30,09	22,50608597
1045	30,57	22,73648515
1046	29	32,36929193
1047	26,03	28,01983929
1048	24,05	26,64185551
1049	23,31	26,55946335
1050	22,58	26,35976636
1051	23,02	26,34175689
1052	23,81	26,40602562
1053	28,82	26,50338018
1054	33,09	27,55248733
1055	35,39	28,17153013
1056	32,98	29,05083201
1057	30,53	28,87872786
1058	30,22	29,64052192
1059	27,17	29,03796263
1060	27,92	26,97617545
1061	26,4	25,71877341
1062	26,51	25,74785618
1063	26,76	26,00322009
1064	29,95	28,93651327
1065	33	30,59033337
1066	39,39	32,70011747
1067	40	33,19461914
1068	38,61	34,00272936
1069	35,9	34,38413649
1070	30,45	31,53211191
1071	27,59	27,45672744
1072	27,09	26,62225716
1073	26,41	26,31966656
1074	25,89	26,26899674
1075	25,61	26,91203049
1076	26,14	28,23648083
1077	31	32,13394276
1078	36,99	35,37151059
1079	40,01	37,07231828
1080	35,7	36,25219681
1081	32,99	35,61166896
1082	32,91	35,77658667
1083	31,38	34,47987591
1084	30,91	34,4545941
1085	30,08	33,68815741
1086	31,28	33,70767759
1087	32,4	33,70273308
1088	35,25	35,13722248
1089	39,91	36,75067898
1090	44	39,03850368
1091	37,03	38,73462604
1092	37	37,87571689
1093	32,92	36,55196837
1094	27,91	32,02176384
1095	28,01	28,09569396
1096	26,32	27,5265336
1097	25,1	27,15312452
1098	24,79	27,18139898
1099	24,83	27,46075165
1100	25,85	28,61919591
1101	29,35	32,37280637
1102	33,52	36,00881723
1103	36,79	37,57250507
1104	34,1	36,04126164
1105	32,39	35,33033975
1106	31,43	35,59913523
1107	28,02	34,71492583
1108	26,63	34,33441626
1109	25,93	33,77717752
1110	26,43	33,99379855
1111	28,08	34,38730649
1112	31,66	35,88290075
1113	33,3	37,8908198
1114	34,48	39,34136849
1115	33,41	36,78257605
1116	31,96	36,2172574
1117	28,94	34,29797393
1118	25,35	29,62710063
1119	26,43	26,8885939
1120	26,46	25,77920153
1121	25,9	25,16543912
1122	25,52	25,16829189
1123	25,55	25,55121687
1124	27,49	26,75111422
1125	32,84	30,15685528
1126	36,61	33,36738622
1127	39,16	35,13721819
1128	36,04	34,10451555
1129	37,02	33,45757625
1130	36,01	33,15087312
1131	35,04	31,50225588
1132	34,24	30,71415993
1133	32,94	29,94062905
1134	33	30,03193656
1135	33,31	30,52787537
1136	34,37	32,3992059
1137	34,76	33,65239222
1138	38,38	34,42186622
1139	35,95	33,28255743
1140	35,7	32,1426983
1141	32,92	30,1338018
1142	31,01	25,33181492
1143	29,26	23,79499928
1144	27,24	23,48159877
1145	27,1	23,26521686
1146	26,56	23,41218819
1147	26,5	23,9896433
1148	28,06	25,69815927
1149	32,36	29,97910378
1150	35,99	33,51295389
1151	36,81	35,58945706
1152	36	34,96762517
1153	35,16	35,76724104
1154	34,41	35,88364287
1155	32,15	35,06292844
1156	30,78	34,46087685
1157	30,68	33,30642891
1158	31,19	32,93949675
1159	31,62	32,8074803
1160	32,93	33,4499688
1161	34,91	33,89568295
1162	35,96	34,97523741
1163	33,26	33,48316595
1164	31,97	32,92617746
1165	31,96	31,17646712
1166	29	27,07619686
1167	31,8	24,71966013
1168	30,83	23,43137721
1169	29,1	23,05895805
1170	27,02	22,99152665
1171	25,77	23,3833504
1172	25,65	24,86981064
1173	26,22	28,72711446
1174	30,32	31,88345013
1175	31,96	33,008719
1176	32,53	32,5583138
1177	32,26	32,27760576
1178	31,97	31,97254899
1179	29,02	30,42887382
1180	25,25	29,38289095
1181	24,52	28,64590569
1182	24,97	28,5559216
1183	27,72	28,94836193
1184	30,57	29,94413754
1185	31,86	30,96669771
1186	33,62	31,22226183
1187	32,9	29,575505
1188	32,38	28,41038019
1189	32,14	27,3655491
1190	29,07	22,59990318
1191	30,11	22,07155007
1192	28,11	21,11782123
1193	25,99	20,24155749
1194	24,93	19,43688518
1195	24,25	19,06938756
1196	23,98	19,15499385
1197	23,92	19,91212173
1198	24,79	21,96707713
1199	25,67	23,20363468
1200	25,95	23,73046341
1201	24,87	23,58823539
1202	25,13	23,12495829
1203	23,47	21,31751635
1204	23,82	19,24428142
1205	23,3	18,49384233
1206	23,48	18,81494409
1207	24,76	20,31665289
1208	26,42	22,29978713
1209	29,91	23,5783931
1210	31,94	24,50516426
1211	32,95	23,94486497
1212	33,22	23,51046249
1213	35,93	23,04656239
1214	33,3	32,99274181
1215	29,8	30,14627999
1216	27,32	29,25667145
1217	26,32	28,57657324
1218	25,93	28,29037474
1219	25,92	28,25514076
1220	27,8	28,30029772
1221	35	28,45721673
1222	38,08	29,04423604
1223	39,52	29,81743877
1224	37,94	30,25789462
1225	36,47	30,09901614
1226	36,05	30,44659019
1227	33,64	29,7080162
1228	32,95	29,42383783
1229	32,35	29,13690309
1230	32,6	29,30612712
1231	33,32	30,20855203
1232	35,18	31,56458801
1233	35,99	33,55105467
1234	36,59	34,68627748
1235	36,47	35,14617571
1236	36,08	35,42632638
1237	35,47	36,33557414
1238	30,4	33,20783271
1239	27,98	29,35550152
1240	27,5	28,37082725
1241	26,38	27,99801576
1242	25,88	28,07888155
1243	25,91	28,50922053
1244	26,53	30,19154189
1245	30,97	34,68827213
1246	35,9	37,61618992
1247	39,16	39,13450046
1248	37,45	38,95577378
1249	36,46	38,9543711
1250	37,01	39,19214718
1251	33,13	38,15825282
1252	32,91	37,75144867
1253	31,8	37,22659296
1254	32,92	37,15775591
1255	32,26	37,17466004
1256	34,07	37,99661909
1257	37,13	38,48081372
1258	39,3	38,66610939
1259	37,28	38,04851522
1260	36,54	37,49864314
1261	35,81	36,52037125
1262	30,2	32,16737133
1263	28,12	28,51699144
1264	27,61	27,98831466
1265	26,53	27,44334665
1266	25,87	27,38583593
1267	26	27,8401081
1268	26,63	29,0825149
1269	31,53	32,65858017
1270	36,43	36,07423681
1271	39,11	38,22687412
1272	40,67	37,9742477
1273	40,92	37,93902204
1274	41,25	38,39258645
1275	37,09	36,86058489
1276	36,53	36,3493079
1277	33,19	35,62353506
1278	32,6	35,77025563
1279	32,7	35,52772689
1280	33,15	36,44252136
1281	35,97	37,52942287
1282	36,61	38,1567136
1283	36,37	36,91644746
1284	35,56	36,32754338
1285	34,04	35,20705692
1286	29,94	30,59825809
1287	26,9	27,33526462
1288	26,39	26,72000164
1289	25,8	26,12170669
1290	25,29	26,00887438
1291	25,26	26,42001576
1292	26,39	27,67816896
1293	29,92	31,44834441
1294	34,91	34,9484904
1295	36,94	36,73018627
1296	35,79	37,31624112
1297	33,93	37,69051297
1298	33,75	38,029094
1299	33,81	36,15995221
1300	31,79	35,53577513
1301	30,97	34,02408014
1302	31,43	33,50258267
1303	31,43	33,39783772
1304	32,98	33,86774072
1305	34,97	35,0836352
1306	36,72	35,28894438
1307	35,5	34,64536107
1308	34,04	33,96921157
1309	33,93	32,67421091
1310	29,92	28,2029432
1311	28,21	24,86182248
1312	27,04	24,18795469
1313	26,03	23,73849245
1314	24,58	23,70104125
1315	24,84	24,1122166
1316	25,95	25,58757986
1317	29,68	29,02780062
1318	33,99	32,5589433
1319	36,13	34,01327881
1320	36,09	33,78307236
1321	33,75	33,50004377
1322	33,21	33,67421894
1323	31,67	33,12409942
1324	29,5	31,90483558
1325	27,94	31,14932789
1326	27,37	31,13258831
1327	28,09	31,23953999
1328	29,11	32,22754159
1329	31,5	33,259501
1330	34,13	33,95933045
1331	32,98	32,9594063
1332	30,86	32,04400833
1333	29,81	30,88449969
1334	28,87	26,08851179
1335	31,07	23,42873943
1336	26,51	22,32519746
1337	25,59	21,63511058
1338	24,56	21,20518588
1339	24,17	21,66585506
1340	24,39	23,05236245
1341	24,72	26,6071435
1342	25,46	30,04021621
1343	26,74	31,45796821
1344	28,97	31,22800719
1345	28,38	30,45786556
1346	27,93	30,16057052
1347	26,33	28,55674387
1348	24,79	26,83276894
1349	23,99	25,45763099
1350	24,04	24,88795105
1351	25,04	25,14080257
1352	26,1	26,16985699
1353	30,51	27,67784266
1354	31,92	28,86944369
1355	32,55	28,01506621
1356	32,09	26,94746798
1357	36,02	25,782202
1358	32,96	21,68357791
1359	28,08	21,11008995
1360	25,36	18,92266115
1361	23,8	18,14209411
1362	22,56	17,58999924
1363	22,14	17,45360288
1364	21,65	17,623157
1365	20,98	18,08517239
1366	21,99	18,91177001
1367	23,8	19,93760722
1368	25,12	20,73613785
1369	25,28	20,2115452
1370	26,77	19,76925964
1371	26,34	18,35220135
1372	25,56	16,85351473
1373	24,35	16,26811243
1374	23,32	16,58297331
1375	22,78	17,87673789
1376	25,25	19,60322249
1377	25,09	22,42583992
1378	28,23	23,70826731
1379	28,92	24,0101904
1380	30,19	23,92838453
1381	31,39	24,76855839
1382	27,78	34,07288631
1383	24,91	29,57262975
1384	23,79	28,47259763
1385	22,55	27,9201671
1386	22,14	27,54164203
1387	22,42	27,52017377
1388	23,93	27,52412168
1389	29,06	27,4258157
1390	32,17	28,10671909
1391	35	29,13929618
1392	33,21	29,98497696
1393	30,13	30,46059374
1394	29,8	31,35952615
1395	27,92	31,11587755
1396	25,93	30,49267153
1397	27,03	29,8611316
1398	27,01	29,62434979
1399	28,48	29,7467746
1400	32,05	31,22417198
1401	35,97	31,8314018
1402	37,15	33,03469415
1403	38,33	33,26244482
1404	36,95	33,80251587
1405	35,99	34,06729488
1406	31,63	30,57552076
1407	27,56	26,63177919
1408	25,79	26,00078137
1409	25,35	25,56024145
1410	24,7	25,6232699
1411	24,27	26,20912621
1412	25,9	27,74604985
1413	30,43	31,38862496
1414	34,87	34,07062915
1415	36,87	35,67329505
1416	36,92	35,07653189
1417	36,97	34,27792382
1418	38,09	34,48716946
1419	37,83	33,6216503
1420	36,85	32,77665595
1421	35,98	32,91121664
1422	35,73	32,9416253
1423	34,92	33,49980142
1424	35,94	35,08393273
1425	35,92	36,92605145
1426	34,95	37,48740821
1427	32,83	37,42911515
1428	32,4	36,84566631
1429	31,19	35,74165637
1430	28,98	31,66745239
1431	26,03	27,44497634
1432	24,53	26,56340993
1433	23,74	26,27785155
1434	22,69	26,29974271
1435	22,48	26,5748519
1436	23,66	28,17204439
1437	27,06	31,7011998
1438	31,82	34,87928511
1439	33,95	36,45949547
1440	34,97	36,80945329
1441	35,02	37,41819329
1442	34,95	38,27025847
1443	33,57	37,9387837
1444	30,04	37,29285079
1445	28,13	36,67234814
1446	28,38	36,42583458
1447	28,45	35,89791476
1448	29,95	36,38544312
1449	32,52	36,51387842
1450	33	36,08623164
1451	31,25	34,78554762
1452	30,33	34,11580139
1453	28,99	32,57381956
1454	26,91	28,8116734
1455	23,55	25,2909957
1456	22,43	24,30024878
1457	20,05	23,75572072
1458	19,42	23,53463127
1459	19,83	23,77571525
1460	22,42	25,15981747
1461	25,49	28,42999059
1462	30,01	31,94852947
1463	33,05	33,64772677
1464	32,03	34,0948813
1465	29,01	34,54924878
1466	27,98	34,930543
1467	25,45	34,07561485
1468	23,58	32,58983609
1469	23,97	31,5849286
1470	27,02	31,28493616
1471	29,29	31,13478523
1472	32,98	31,77325462
1473	34,58	32,85961951
1474	34,9	33,12057683
1475	34,58	31,911452
1476	34,46	31,16954524
1477	33,91	29,52272875
1478	29,37	25,46927419
1479	28,13	21,78767037
1480	26,83	20,84290689
1481	25,12	19,75065613
1482	23,95	19,62650164
1483	24,07	20,15573114
1484	26,24	22,12128078
1485	30,45	25,50662481
1486	34,01	28,8111538
1487	37,19	30,59201575
1488	38,69	30,14819213
1489	38,54	29,1910343
1490	38	29,02112532
1491	36	27,52725323
1492	33,96	26,38344302
1493	31,39	26,26545688
1494	28,23	27,3882477
1495	28,46	28,406975
1496	31,29	30,5517707
1497	33,89	31,70215231
1498	34,4	32,14495465
1499	34,15	31,61896036
1500	33,02	31,06280113
1501	32,3	29,70671034
1502	28,84	24,86844817
1503	29,58	22,86515056
1504	26,68	21,7822507
1505	25,34	20,94661051
1506	23,77	20,64225255
1507	22,4	21,13415479
1508	22,01	23,04075632
1509	22,97	26,8287318
1510	25,02	30,16916754
1511	26,36	32,37128723
1512	26,47	33,04961163
1513	24,94	33,12345733
1514	23,71	32,96850633
1515	22,07	31,24965025
1516	19,81	29,37316893
1517	18,38	27,63496842
1518	17,83	26,12844961
1519	17,18	26,14927679
1520	22,03	27,56886505
1521	26,32	28,82531946
1522	28,96	29,11847044
1523	28,92	28,3975067
1524	30,32	27,57843039
1525	30,44	26,175042
1526	28,12	21,33049119
1527	24,6	20,37296614
1528	20,05	18,69210599
1529	17,99	17,78709639
1530	12,86	17,1138111
1531	12,38	16,71666333
1532	12,35	16,78548797
1533	12,51	17,5569554
1534	11,93	18,87667464
1535	12,25	19,79712464
1536	12,79	19,80391462
1537	9,95	18,87254171
1538	8,83	17,92727677
1539	5,93	16,29071962
1540	0,02	14,40777251
1541	0,04	13,15916181
1542	2,35	12,93669165
1543	5,67	13,19362726
1544	12,84	16,23152945
1545	24,7	19,04572716
1546	27,77	20,783908
1547	30,48	20,81070651
1548	32,37	21,37157316
1549	32,65	20,98957767
1550	26,33	31,67653435
1551	20,62	27,53844742
1552	16,44	25,85477035
1553	12,91	25,05743332
1554	8,16	23,50501944
1555	8,12	23,45687274
1556	8,94	23,60002083
1557	17,85	23,69367342
1558	23,71	23,62812536
1559	26,29	23,85943165
1560	24,02	24,04824128
1561	20,26	23,09823802
1562	18,73	22,85769273
1563	14,28	21,5229395
1564	13,41	19,16054528
1565	12,89	19,0317752
1566	17,92	20,13599274
1567	20,82	21,95616201
1568	26,52	25,43462272
1569	31,29	30,39531328
1570	34,39	32,08281459
1571	33,23	33,2252926
1572	34	34,15722698
1573	33,93	33,97134661
1574	31,75	29,57657608
1575	23,88	24,37517445
1576	23,06	22,64693293
1577	22,6	21,39252139
1578	20,32	19,95440338
1579	19,94	20,3264044
1580	22,97	21,67334962
1581	28,33	26,55042079
1582	32,86	30,08396364
1583	34,83	31,67919787
1584	35,03	31,01334355
1585	34,6	29,89957043
1586	34,26	29,61394497
1587	33,6	27,8666353
1588	32,78	27,37118316
1589	30,22	27,08444028
1590	27,84	28,586567
1591	25,97	29,72477696
1592	28,12	32,12159958
1593	30,35	34,41139757
1594	32,02	35,77033171
1595	30,91	35,32921278
1596	30,47	35,58041225
1597	29,1	34,67457183
1598	26,45	31,25510012
1599	23,35	25,43519395
1600	23,11	24,89274357
1601	22	24,64078362
1602	19,99	24,12486028
1603	20,19	24,50040794
1604	23,18	26,58412187
1605	27,59	30,46455619
1606	32,21	33,81629645
1607	33,95	35,35754854
1608	33,5	35,56105072
1609	32,01	35,66439613
1610	31,87	35,82217153
1611	29,66	35,10572478
1612	26,91	34,36724576
1613	25,43	33,23449936
1614	24,51	32,22287732
1615	24,31	31,27694756
1616	27,33	32,25854277
1617	31,48	33,31803873
1618	33,68	33,86571099
1619	33,72	33,19169929
1620	33,93	32,80282558
1621	32,93	31,22565457
1622	28,65	27,36354363
1623	24,23	23,89737947
1624	23,01	23,433133
1625	22,72	22,92398725
1626	20,49	22,47263176
1627	21,48	22,97419196
1628	22,77	25,08654456
1629	27,97	28,681117
1630	34,09	31,93999199
1631	35,67	33,28917292
1632	33,07	33,0102072
1633	30,86	32,67028578
1634	30,48	32,74614182
1635	28,57	31,41009214
1636	27,17	29,92605121
1637	24,99	28,95069883
1638	25,62	28,42760232
1639	25,69	28,33085672
1640	31,4	29,99539871
1641	34,37	31,92434342
1642	34,95	32,92459763
1643	35,11	32,63388491
1644	34,82	32,46442795
1645	33,87	31,06029079
1646	28,82	26,60664561
1647	24,07	22,75037348
1648	22,97	21,82260132
1649	21,05	21,50093975
1650	19,9	20,85653502
1651	20,05	21,58999471
1652	22,98	23,1909775
1653	27,93	27,20747021
1654	32,55	30,81034672
1655	33,8	31,7201589
1656	34,04	30,3751613
1657	34,91	29,4699982
1658	35,25	29,42301211
1659	34,95	28,20445873
1660	32,1	27,23970381
1661	29,5	26,13406219
1662	27,12	26,23535527
1663	24,2	26,4615257
1664	26,9	29,15579018
1665	28,09	30,84081114
1666	29,06	31,36900625
1667	29,13	31,05362654
1668	28,99	30,28861467
1669	28,34	28,47659762
1670	24,7	23,12584462
1671	21,7	20,41090717
1672	19,97	19,34042786
1673	18,09	18,42772768
1674	16,89	18,13427615
1675	16,1	18,57349154
1676	14,46	20,73220794
1677	16,08	24,87990626
1678	18,05	28,74989176
1679	20,06	30,70529597
1680	20,06	31,16879751
1681	18,06	31,93349515
1682	15,85	32,36017406
1683	13,64	31,42293455
1684	9,07	29,30886781
1685	9,11	27,57548017
1686	10,54	26,28068664
1687	12,52	25,02963581
1688	18,77	26,0619872
1689	24,72	26,58683717
1690	26,88	26,86689015
1691	27,7	26,26680348
1692	29,08	25,6369799
1693	28,31	24,11095041
1694	25,73	18,98196938
1695	23,44	16,78304339
1696	21,18	15,36667188
1697	19,61	14,22598705
1698	19,03	13,62597096
1699	18,05	13,3976446
1700	18,08	13,16729849
1701	18,06	14,02022681
1702	19,14	15,20250459
1703	19,9	16,14474764
1704	18,99	15,63815293
1705	19,74	14,17928159
1706	20,46	12,67347355
1707	19,1	10,70151081
1708	17,41	7,899273338
1709	15,99	7,490533349
1710	16,57	8,31177921
1711	16,89	9,993850831
1712	20,13	13,88688921
1713	26,75	17,6629469
1714	29,57	19,59741806
1715	31,56	20,07608416
1716	32,3	20,80111822
1717	31,56	20,02549668
1718	28,5	30,8656277
1719	25,15	26,92765523
1720	22,94	26,06998664
1721	21,61	25,52604703
1722	21,01	25,48028604
1723	21,5	25,35954292
1724	23,29	25,68439203
1725	27,21	25,84924525
1726	30,82	26,47219394
1727	32	27,09378953
1728	30,59	26,93200513
1729	28,65	27,2232826
1730	28,32	27,74608348
1731	27,02	27,06875947
1732	25	26,08774145
1733	23,9	25,52896633
1734	24,1	25,94526308
1735	25,54	26,5855679
1736	30,62	28,58146787
1737	33,98	31,63218582
1738	35,88	33,11532895
1739	34,32	34,05260272
1740	34,47	34,60725196
1741	33,22	34,15171811
1742	30,42	30,93217056
1743	26,26	26,87365098
1744	23,99	25,95225331
1745	22,94	25,48151782
1746	22,03	25,4703505
1747	22,1	26,05200652
1748	24,1	27,78077101
1749	28,71	30,86850886
1750	33,63	33,45899266
1751	34,14	34,6059239
1752	33,9	34,13780302
1753	31,73	33,63137547
1754	30,13	33,79363789
1755	29,09	33,12563855
1756	28,93	32,32432928
1757	28,94	31,84348605
1758	29,29	31,89283685
1759	30,58	32,26504634
1760	33,12	34,37568737
1761	34,33	35,98709602
1762	35,79	36,86387412
1763	34,81	36,12279864
1764	34,36	36,00072008
1765	31,25	34,57544458
1766	27,74	31,03173635
1767	25,03	26,50895461
1768	24,01	25,55844361
1769	23,51	25,10317662
1770	21,9	25,01251637
1771	22,56	25,47918169
1772	25,05	27,22577558
1773	29,74	30,71731085
1774	34,75	33,78290305
1775	36,1	34,6766809
1776	33	34,39209078
1777	28,54	33,78480792
1778	28,03	33,56796806
1779	27,79	32,78945691
1780	27,72	32,49164751
1781	27,05	32,22795395
1782	28,41	32,33719873
1783	30,47	32,69557365
1784	35,08	34,00414669
1785	35,67	34,91090943
1786	37,07	35,60324218
1787	36,45	34,80030845
1788	35,48	34,41189983
1789	32,42	32,17411319
1790	28,82	28,26275067
1791	25,16	24,9452256
1792	24,12	24,18583578
1793	23,34	23,87927335
1794	21,83	23,56602196
1795	22,49	24,23167644
1796	25,05	26,13240768
1797	30,26	29,68279896
1798	33,79	32,79787295
1799	35,67	33,87542755
1800	35,33	32,64366223
1801	33,38	31,07809511
1802	30,84	30,95260132
1803	29,15	30,27769765
1804	29,44	29,96249037
1805	29,08	29,46701568
1806	29,51	29,93787742
1807	32,78	30,76644886
1808	35,01	32,78014319
1809	36,05	33,60283942
1810	37,34	34,41012193
1811	36,85	33,87142409
1812	36,01	33,26261262
1813	32,74	31,00701522
1814	28,92	26,88992607
1815	27,71	23,65390556
1816	26,62	22,85221601
1817	25	22,38731027
1818	23,91	22,04123643
1819	24,96	22,69329176
1820	26,08	24,72149169
1821	32,25	28,63778163
1822	36,25	31,38243845
1823	37,27	32,55707551
1824	36,45	32,15068414
1825	34,48	31,52365688
1826	31,56	30,90536067
1827	26,95	29,75741391
1828	26,01	29,53123413
1829	25,78	29,18779076
1830	27,48	29,25831194
1831	31,76	30,37730107
1832	34,09	31,79870452
1833	36,09	32,77183101
1834	36,46	33,5108724
1835	34,99	32,95814286
1836	34,32	32,24741387
1837	32,22	29,88766936
1838	28,87	25,47793152
1839	26,54	23,34867027
1840	25,04	22,52061574
1841	23,31	21,75598632
1842	22,81	21,52510892
1843	22,32	22,20750615
1844	22,02	23,81098128
1845	22,44	28,03308339
1846	23,08	31,02403636
1847	26,94	31,95044282
1848	29,03	31,2448456
1849	25,79	30,26611354
1850	24,22	29,05938587
1851	23,12	26,7972949
1852	22,09	25,6566773
1853	21,71	25,07614873
1854	22	25,77632413
1855	20,95	27,48513209
1856	22,73	29,05367237
1857	26,99	30,40325912
1858	29,34	30,658987
1859	30	29,52134171
1860	30,38	28,31283597
1861	29,11	25,93140992
1862	25,03	20,96400124
1863	18,51	19,48402516
1864	15,01	18,20025557
1865	12,13	17,2888167
1866	9,72	17,00848753
1867	9,83	16,92939215
1868	9,74	17,1740837
1869	9,62	17,82212207
1870	9,13	18,5310353
1871	11,34	20,36075893
1872	11,55	21,31196153
1873	11,59	20,13787629
1874	11,6	19,31926465
1875	11,45	17,97668777
1876	9,09	16,6097185
1877	7,19	16,24538037
1878	7,88	16,7656884
1879	8,94	17,25579469
1880	10,86	19,03322855
1881	22,04	21,36517608
1882	28,13	22,56524986
1883	30,74	22,54940039
1884	31,9	22,31226377
1885	30,59	20,96335513
1886	23,54	30,74582272
1887	20,68	25,19347223
1888	19,04	23,76235969
1889	18,78	22,61633392
1890	17,5	21,83151844
1891	18,07	21,92314005
1892	20,81	22,07748736
1893	26,82	22,26875768
1894	31,42	22,41067955
1895	34,41	23,47332439
1896	35	23,93218332
1897	31,66	24,03558114
1898	29,06	24,27357085
1899	27,25	24,01424966
1900	27,19	22,90384762
1901	27,3	22,20045619
1902	27,81	22,64600634
1903	28,49	23,53922252
1904	32,9	25,28276573
1905	36,59	29,86061219
1906	37,71	32,33527262
1907	37,64	33,47112142
1908	35,02	33,93436863
1909	30,99	33,11945474
1910	27,92	28,73273308
1911	23,68	24,51039677
1912	22,35	23,8106393
1913	21,62	23,67824532
1914	20,29	23,45612594
1915	22,01	24,21093036
1916	23,52	26,46303398
1917	30,56	30,83504749
1918	35,24	34,0461614
1919	37,31	35,88422208
1920	37,95	36,07880773
1921	34,94	35,46514262
1922	32,36	35,20430195
1923	28,78	34,27104777
1924	28,07	33,93777282
1925	27,95	33,78550448
1926	30,2	33,82913768
1927	34,63	34,08486108
1928	37,96	35,90628618
1929	40,2	37,44240285
1930	41,6	37,98523464
1931	42	37,79581073
1932	38,92	36,58642873
1933	33,38	34,04607115
1934	27,57	30,32434464
1935	26,19	25,60561605
1936	23,9	24,84453457
1937	22,82	24,48443369
1938	22,24	24,35508623
1939	22,25	25,39515217
1940	24,23	27,15744699
1941	30,85	31,61711604
1942	34,9	34,78148763
1943	36,02	36,21475015
1944	34,93	36,27163788
1945	29,96	35,46707462
1946	27,56	34,8158975
1947	26,83	33,21814416
1948	26,24	32,66262686
1949	26	32,40046329
1950	30,48	33,13897899
1951	32,97	34,4997775
1952	34,95	36,04949745
1953	37,69	37,29811046
1954	38,44	38,06687151
1955	37,99	37,9466454
1956	34,01	36,65464235
1957	28,61	33,55592226
1958	24,49	28,87089949
1959	21,96	26,055316
1960	21,86	24,82722606
1961	20,97	24,1804745
1962	21,16	24,07600352
1963	21,45	24,42609075
1964	23,3	26,23813586
1965	30,33	30,66033418
1966	34,2	33,59526425
1967	35,7	34,55016684
1968	34,91	33,86926701
1969	29,26	32,24123309
1970	27,78	31,47014009
1971	26,81	30,58853372
1972	25,42	30,05130006
1973	24,98	29,70023371
1974	27,26	31,06828312
1975	30,17	32,08348854
1976	34	33,4302077
1977	36,65	35,04413267
1978	38,78	35,60279455
1979	37,96	35,05127611
1980	34,16	33,15271471
1981	27,98	29,79003001
1982	24,26	25,13122851
1983	22,1	21,89538422
1984	20,34	21,37422586
1985	20,31	20,86555289
1986	20,23	21,07273686
1987	21,25	21,53742113
1988	23,1	23,50391285
1989	29	28,39098653
1990	34,47	31,40248633
1991	35,9	32,48758052
1992	34,92	31,85461286
1993	32,55	30,01438953
1994	28,87	29,54080139
1995	26,67	28,63357943
1996	25,13	27,75513804
1997	24,49	27,32791183
1998	26,68	28,16094129
1999	29,73	29,222192
2000	34,92	31,39688675
2001	38,45	33,03935029
2002	41,99	34,04802049
2003	39,01	33,37973441
2004	37,06	31,44962576
2005	32,09	27,78629708
2006	27,22	22,94710707
2007	25,93	20,39660582
2008	24,05	19,27345634
2009	23	18,88546656
2010	23,07	18,88167457
2011	23,28	19,59030546
2012	23,18	21,56018092
2013	25,28	26,09418575
2014	26,84	29,76725733
2015	29,5	30,87652223
2016	29,56	30,30033636
2017	25,14	29,54863634
2018	23,02	28,2813109
2019	21,93	26,50906833
2020	20,03	25,12671964
2021	19,96	24,34989936
2022	20,76	24,99172252
2023	23,03	26,52157526
2024	28,41	29,25989315